2.000000e-01   100
2.200000e-01   100
2.400000e-01   100
2.600000e-01   100
2.800000e-01   100
3.000000e-01   100
3.200000e-01   100
3.400000e-01   100
3.600000e-01   100
3.800000e-01   100
4.000000e-01   100
4.200000e-01   100
4.400000e-01   100
4.600000e-01   100
4.800000e-01   100
5.000000e-01   100
5.200000e-01   100
5.400000e-01   100
5.600000e-01   100
5.800000e-01   100
6.000000e-01   100
6.200000e-01   100
6.400000e-01   100
6.600000e-01   100
6.800000e-01   100
7.000000e-01   100
7.200000e-01   100
7.400000e-01   100
7.600000e-01   100
7.800000e-01   100
8.000000e-01   100
8.200000e-01   100
8.400000e-01   100
8.600000e-01   100
8.800000e-01   100
9.000000e-01   100
9.200000e-01   100
9.400000e-01   100
9.600000e-01   100
9.800000e-01   100
1.000000e+00   100
1.020000e+00   100
1.040000e+00   100
1.060000e+00   100
1.080000e+00   100
1.100000e+00   100
1.120000e+00   100
1.140000e+00   100
1.160000e+00   100
1.180000e+00   100
1.200000e+00   100
1.220000e+00   100
1.240000e+00   100
1.260000e+00   100
1.280000e+00   100
1.300000e+00   100
1.320000e+00   100
1.340000e+00   100
1.360000e+00   100
