2.000000e-01   15
2.200000e-01   20
2.400000e-01   10
2.600000e-01   21
2.800000e-01   16
3.000000e-01   19
3.200000e-01   17
3.400000e-01   15
3.600000e-01   24
3.800000e-01   16
4.000000e-01   20
4.200000e-01   16
4.400000e-01   4
4.600000e-01   14
4.800000e-01   17
5.000000e-01   20
5.200000e-01   14
5.400000e-01   23
5.600000e-01   19
5.800000e-01   18
6.000000e-01   13
6.200000e-01   16
6.400000e-01   14
6.600000e-01   16
6.800000e-01   16
7.000000e-01   15
7.200000e-01   18
7.400000e-01   13
7.600000e-01   22
7.800000e-01   14
8.000000e-01   9
8.200000e-01   19
8.400000e-01   21
8.600000e-01   15
8.800000e-01   25
9.000000e-01   21
9.200000e-01   19
9.400000e-01   16
9.600000e-01   17
9.800000e-01   19
1.000000e+00   17
1.020000e+00   12
1.040000e+00   19
1.060000e+00   12
1.080000e+00   16
1.100000e+00   15
1.120000e+00   12
1.140000e+00   17
1.160000e+00   20
1.180000e+00   23
1.200000e+00   14
1.220000e+00   13
1.240000e+00   21
1.260000e+00   20
1.280000e+00   22
1.300000e+00   16
1.320000e+00   18
1.340000e+00   19
1.360000e+00   11
1.380000e+00   17
1.400000e+00   12
1.420000e+00   14
1.440000e+00   21
1.460000e+00   13
1.480000e+00   19
1.500000e+00   17
1.520000e+00   21
1.540000e+00   14
1.560000e+00   10
1.580000e+00   19
1.600000e+00   11
1.620000e+00   22
1.640000e+00   19
1.660000e+00   24
1.680000e+00   15
1.700000e+00   18
1.720000e+00   18
1.740000e+00   16
1.760000e+00   21
1.780000e+00   20
1.800000e+00   16
1.820000e+00   16
1.840000e+00   16
1.860000e+00   24
1.880000e+00   19
1.900000e+00   15
1.920000e+00   20
1.940000e+00   13
1.960000e+00   9
1.980000e+00   18
2.000000e+00   16
2.020000e+00   16
2.040000e+00   22
2.060000e+00   20
2.080000e+00   14
2.100000e+00   16
2.120000e+00   16
2.140000e+00   15
2.160000e+00   12
2.180000e+00   18
2.200000e+00   21
2.220000e+00   14
2.240000e+00   20
2.260000e+00   17
2.280000e+00   15
2.300000e+00   14
2.320000e+00   20
2.340000e+00   16
2.360000e+00   11
2.380000e+00   18
2.400000e+00   24
2.420000e+00   14
2.440000e+00   16
2.460000e+00   16
2.480000e+00   17
