  0.0000e+00  7.8682e-01  2.5048e-01  7.1067e-01
  9.9900e-02  8.5120e-01  5.4885e-02  6.8978e-01
  1.9980e-01  8.7664e-01 -1.4904e-01  6.6612e-01
  2.9970e-01  8.6151e-01 -3.5301e-01  6.3977e-01
  3.9960e-01  8.0537e-01 -5.4824e-01  6.1082e-01
  4.9950e-01  7.0890e-01 -7.2541e-01  5.7937e-01
  5.9940e-01  5.7393e-01 -8.7471e-01  5.4554e-01
  6.9930e-01  4.0346e-01 -9.8581e-01  5.0942e-01
  7.9920e-01  2.0164e-01 -1.0479e+00  4.7115e-01
  8.9910e-01 -2.6238e-02 -1.0495e+00  4.3086e-01
  9.9900e-01 -2.7372e-01 -9.7883e-01  3.8869e-01
  1.0989e+00 -5.3321e-01 -8.2350e-01  3.4479e-01
  1.1988e+00 -7.9596e-01 -5.7061e-01  2.9931e-01
  1.2987e+00 -1.0520e+00 -2.0674e-01  2.5241e-01
  1.3986e+00 -1.2904e+00  2.8204e-01  2.0428e-01
  1.4985e+00 -1.4989e+00  9.1016e-01  1.5509e-01
  1.5984e+00 -1.6640e+00  1.6926e+00  1.0503e-01
  1.6983e+00 -1.7714e+00  2.6447e+00  5.4301e-02
  1.7982e+00 -1.8053e+00  3.7826e+00  3.1041e-03
  1.8981e+00 -1.7489e+00  5.1228e+00 -4.8345e-02
  1.9980e+00 -1.5842e+00  6.6821e+00 -9.9824e-02
  2.0979e+00 -1.2922e+00  8.4782e+00 -1.5110e-01
  2.1978e+00 -8.5245e-01  1.0529e+01 -2.0194e-01
  2.2977e+00 -2.4364e-01  1.2853e+01 -2.5210e-01
  2.3976e+00  5.5684e-01  1.5470e+01 -3.0131e-01
  2.4975e+00  1.5727e+00  1.8398e+01 -3.4932e-01
  2.5974e+00  2.8289e+00  2.1659e+01 -3.9586e-01
  2.6973e+00  4.3514e+00  2.5272e+01 -4.4064e-01
  2.7972e+00  6.1674e+00  2.9259e+01 -4.8339e-01
  2.8971e+00  8.3053e+00  3.3641e+01 -5.2379e-01
  2.9970e+00  1.0795e+01  3.8441e+01 -5.6155e-01
  3.0969e+00  1.3666e+01  4.3680e+01 -5.9636e-01
  3.1968e+00  1.6951e+01  4.9383e+01 -6.2789e-01
  3.2967e+00  2.0683e+01  5.5573e+01 -6.5582e-01
  3.3966e+00  2.4895e+01  6.2274e+01 -6.7981e-01
  3.4965e+00  2.9624e+01  6.9511e+01 -6.9951e-01
  3.5964e+00  3.4905e+01  7.7309e+01 -7.1458e-01
  3.6963e+00  4.0777e+01  8.5694e+01 -7.2464e-01
  3.7962e+00  4.7277e+01  9.4692e+01 -7.2934e-01
  3.8961e+00  5.4446e+01  1.0433e+02 -7.2828e-01
  3.9960e+00  6.2324e+01  1.1463e+02 -7.2109e-01
  4.0959e+00  7.0955e+01  1.2563e+02 -7.0738e-01
  4.1958e+00  8.0380e+01  1.3736e+02 -6.8673e-01
  4.2957e+00  9.0645e+01  1.4983e+02 -6.5874e-01
  4.3956e+00  1.0180e+02  1.6309e+02 -6.2298e-01
  4.4955e+00  1.1388e+02  1.7715e+02 -5.7904e-01
  4.5954e+00  1.2694e+02  1.9206e+02 -5.2648e-01
  4.6953e+00  1.4103e+02  2.0784e+02 -4.6484e-01
  4.7952e+00  1.5620e+02  2.2452e+02 -3.9369e-01
  4.8951e+00  1.7250e+02  2.4214e+02 -3.1256e-01
  4.9950e+00  1.8999e+02  2.6073e+02 -2.2098e-01
  5.0949e+00  2.0871e+02  2.8032e+02 -1.1848e-01
  5.1948e+00  2.2872e+02  3.0094e+02 -4.5644e-03
  5.2947e+00  2.5009e+02  3.2263e+02  1.2125e-01
  5.3946e+00  2.7285e+02  3.4542e+02  2.5947e-01
  5.4945e+00  2.9708e+02  3.6936e+02  4.1060e-01
  5.5944e+00  3.2283e+02  3.9446e+02  5.7516e-01
  5.6943e+00  3.5017e+02  4.2077e+02  7.5367e-01
  5.7942e+00  3.7915e+02  4.4833e+02  9.4668e-01
  5.8941e+00  4.0984e+02  4.7717e+02  1.1547e+00
  5.9940e+00  4.4230e+02  5.0733e+02  1.3783e+00
  6.0939e+00  4.7659e+02  5.3885e+02  1.6181e+00
  6.1938e+00  5.1279e+02  5.7176e+02  1.8746e+00
  6.2937e+00  5.5097e+02  6.0612e+02  2.1483e+00
  6.3936e+00  5.9118e+02  6.4194e+02  2.4399e+00
  6.4935e+00  6.3350e+02  6.7928e+02  2.7500e+00
  6.5934e+00  6.7800e+02  7.1818e+02  3.0791e+00
  6.6933e+00  7.2475e+02  7.5868e+02  3.4279e+00
  6.7932e+00  7.7384e+02  8.0081e+02  3.7970e+00
  6.8931e+00  8.2532e+02  8.4462e+02  4.1870e+00
  6.9930e+00  8.7927e+02  8.9016e+02  4.5985e+00
  7.0929e+00  9.3578e+02  9.3747e+02  5.0322e+00
  7.1928e+00  9.9492e+02  9.8658e+02  5.4887e+00
  7.2927e+00  1.0568e+03  1.0375e+03  5.9687e+00
  7.3926e+00  1.1214e+03  1.0904e+03  6.4728e+00
  7.4925e+00  1.1889e+03  1.1452e+03  7.0018e+00
  7.5924e+00  1.2594e+03  1.2020e+03  7.5563e+00
  7.6923e+00  1.3329e+03  1.2609e+03  8.1369e+00
  7.7922e+00  1.4095e+03  1.3218e+03  8.7445e+00
  7.8921e+00  1.4893e+03  1.3849e+03  9.3796e+00
  7.9920e+00  1.5725e+03  1.4501e+03  1.0043e+01
  8.0919e+00  1.6590e+03  1.5175e+03  1.0736e+01
  8.1918e+00  1.7490e+03  1.5873e+03  1.1458e+01
  8.2917e+00  1.8425e+03  1.6593e+03  1.2211e+01
  8.3916e+00  1.9397e+03  1.7338e+03  1.2995e+01
  8.4915e+00  2.0407e+03  1.8106e+03  1.3811e+01
  8.5914e+00  2.1455e+03  1.8900e+03  1.4660e+01
  8.6913e+00  2.2542e+03  1.9718e+03  1.5542e+01
  8.7912e+00  2.3670e+03  2.0563e+03  1.6459e+01
  8.8911e+00  2.4838e+03  2.1433e+03  1.7410e+01
  8.9910e+00  2.6050e+03  2.2331e+03  1.8398e+01
  9.0909e+00  2.7304e+03  2.3256e+03  1.9422e+01
  9.1908e+00  2.8603e+03  2.4209e+03  2.0484e+01
  9.2907e+00  2.9947e+03  2.5190e+03  2.1585e+01
  9.3906e+00  3.1338e+03  2.6200e+03  2.2724e+01
  9.4905e+00  3.2776e+03  2.7240e+03  2.3904e+01
  9.5904e+00  3.4262e+03  2.8310e+03  2.5124e+01
  9.6903e+00  3.5798e+03  2.9411e+03  2.6386e+01
  9.7902e+00  3.7384e+03  3.0543e+03  2.7691e+01
  9.8901e+00  3.9023e+03  3.1707e+03  2.9039e+01
  9.9900e+00  4.0714e+03  3.2903e+03  3.0431e+01
  1.0090e+01  4.2458e+03  3.4132e+03  3.1869e+01
  1.0190e+01  4.4258e+03  3.5395e+03  3.3352e+01
  1.0290e+01  4.6114e+03  3.6692e+03  3.4883e+01
  1.0390e+01  4.8028e+03  3.8024e+03  3.6462e+01
  1.0490e+01  5.0000e+03  3.9391e+03  3.8089e+01
  1.0589e+01  5.2031e+03  4.0794e+03  3.9767e+01
  1.0689e+01  5.4124e+03  4.2234e+03  4.1494e+01
  1.0789e+01  5.6278e+03  4.3711e+03  4.3274e+01
  1.0889e+01  5.8496e+03  4.5226e+03  4.5106e+01
  1.0989e+01  6.0778e+03  4.6779e+03  4.6992e+01
  1.1089e+01  6.3125e+03  4.8372e+03  4.8932e+01
  1.1189e+01  6.5540e+03  5.0004e+03  5.0928e+01
  1.1289e+01  6.8023e+03  5.1677e+03  5.2981e+01
  1.1389e+01  7.0575e+03  5.3391e+03  5.5090e+01
  1.1489e+01  7.3198e+03  5.5147e+03  5.7259e+01
  1.1588e+01  7.5893e+03  5.6945e+03  5.9487e+01
  1.1688e+01  7.8661e+03  5.8786e+03  6.1775e+01
  1.1788e+01  8.1504e+03  6.0671e+03  6.4125e+01
  1.1888e+01  8.4422e+03  6.2600e+03  6.6537e+01
  1.1988e+01  8.7418e+03  6.4574e+03  6.9013e+01
  1.2088e+01  9.0493e+03  6.6595e+03  7.1554e+01
  1.2188e+01  9.3647e+03  6.8661e+03  7.4160e+01
  1.2288e+01  9.6883e+03  7.0775e+03  7.6834e+01
  1.2388e+01  1.0020e+04  7.2937e+03  7.9575e+01
  1.2488e+01  1.0360e+04  7.5147e+03  8.2385e+01
  1.2587e+01  1.0709e+04  7.7407e+03  8.5265e+01
  1.2687e+01  1.1067e+04  7.9716e+03  8.8216e+01
  1.2787e+01  1.1433e+04  8.2077e+03  9.1240e+01
  1.2887e+01  1.1808e+04  8.4489e+03  9.4337e+01
  1.2987e+01  1.2193e+04  8.6953e+03  9.7508e+01
  1.3087e+01  1.2586e+04  8.9470e+03  1.0076e+02
  1.3187e+01  1.2989e+04  9.2041e+03  1.0408e+02
  1.3287e+01  1.3402e+04  9.4666e+03  1.0748e+02
  1.3387e+01  1.3824e+04  9.7346e+03  1.1096e+02
  1.3487e+01  1.4257e+04  1.0008e+04  1.1452e+02
  1.3586e+01  1.4699e+04  1.0288e+04  1.1817e+02
  1.3686e+01  1.5151e+04  1.0573e+04  1.2189e+02
  1.3786e+01  1.5614e+04  1.0864e+04  1.2570e+02
  1.3886e+01  1.6087e+04  1.1160e+04  1.2959e+02
  1.3986e+01  1.6571e+04  1.1463e+04  1.3357e+02
  1.4086e+01  1.7066e+04  1.1772e+04  1.3764e+02
  1.4186e+01  1.7571e+04  1.2087e+04  1.4180e+02
  1.4286e+01  1.8088e+04  1.2408e+04  1.4604e+02
  1.4386e+01  1.8616e+04  1.2736e+04  1.5038e+02
  1.4486e+01  1.9155e+04  1.3070e+04  1.5481e+02
  1.4585e+01  1.9706e+04  1.3410e+04  1.5933e+02
  1.4685e+01  2.0269e+04  1.3757e+04  1.6395e+02
  1.4785e+01  2.0843e+04  1.4110e+04  1.6867e+02
  1.4885e+01  2.1430e+04  1.4471e+04  1.7348e+02
  1.4985e+01  2.2029e+04  1.4838e+04  1.7839e+02
  1.5085e+01  2.2641e+04  1.5212e+04  1.8340e+02
  1.5185e+01  2.3265e+04  1.5593e+04  1.8851e+02
  1.5285e+01  2.3901e+04  1.5981e+04  1.9372e+02
  1.5385e+01  2.4551e+04  1.6376e+04  1.9904e+02
  1.5485e+01  2.5214e+04  1.6778e+04  2.0447e+02
  1.5584e+01  2.5890e+04  1.7188e+04  2.1000e+02
  1.5684e+01  2.6579e+04  1.7605e+04  2.1563e+02
  1.5784e+01  2.7283e+04  1.8029e+04  2.2138e+02
  1.5884e+01  2.8000e+04  1.8461e+04  2.2724e+02
  1.5984e+01  2.8731e+04  1.8901e+04  2.3321e+02
  1.6084e+01  2.9476e+04  1.9348e+04  2.3929e+02
  1.6184e+01  3.0235e+04  1.9804e+04  2.4549e+02
  1.6284e+01  3.1009e+04  2.0267e+04  2.5181e+02
  1.6384e+01  3.1798e+04  2.0738e+04  2.5824e+02
  1.6484e+01  3.2602e+04  2.1218e+04  2.6479e+02
  1.6583e+01  3.3421e+04  2.1705e+04  2.7146e+02
  1.6683e+01  3.4255e+04  2.2201e+04  2.7826e+02
  1.6783e+01  3.5105e+04  2.2706e+04  2.8517e+02
  1.6883e+01  3.5970e+04  2.3219e+04  2.9222e+02
  1.6983e+01  3.6851e+04  2.3740e+04  2.9938e+02
  1.7083e+01  3.7748e+04  2.4270e+04  3.0668e+02
  1.7183e+01  3.8661e+04  2.4809e+04  3.1410e+02
  1.7283e+01  3.9591e+04  2.5357e+04  3.2166e+02
  1.7383e+01  4.0538e+04  2.5913e+04  3.2935e+02
  1.7483e+01  4.1501e+04  2.6479e+04  3.3717e+02
  1.7582e+01  4.2481e+04  2.7054e+04  3.4513e+02
  1.7682e+01  4.3479e+04  2.7638e+04  3.5322e+02
  1.7782e+01  4.4494e+04  2.8231e+04  3.6145e+02
  1.7882e+01  4.5526e+04  2.8834e+04  3.6982e+02
  1.7982e+01  4.6577e+04  2.9447e+04  3.7833e+02
  1.8082e+01  4.7645e+04  3.0069e+04  3.8699e+02
  1.8182e+01  4.8732e+04  3.0701e+04  3.9579e+02
  1.8282e+01  4.9837e+04  3.1342e+04  4.0473e+02
  1.8382e+01  5.0960e+04  3.1994e+04  4.1382e+02
  1.8482e+01  5.2103e+04  3.2656e+04  4.2307e+02
  1.8581e+01  5.3265e+04  3.3328e+04  4.3246e+02
  1.8681e+01  5.4446e+04  3.4010e+04  4.4200e+02
  1.8781e+01  5.5646e+04  3.4702e+04  4.5170e+02
  1.8881e+01  5.6866e+04  3.5405e+04  4.6155e+02
  1.8981e+01  5.8106e+04  3.6119e+04  4.7156e+02
  1.9081e+01  5.9366e+04  3.6843e+04  4.8173e+02
  1.9181e+01  6.0647e+04  3.7578e+04  4.9206e+02
  1.9281e+01  6.1948e+04  3.8324e+04  5.0255e+02
  1.9381e+01  6.3270e+04  3.9081e+04  5.1321e+02
  1.9481e+01  6.4612e+04  3.9848e+04  5.2403e+02
  1.9580e+01  6.5976e+04  4.0628e+04  5.3502e+02
  1.9680e+01  6.7362e+04  4.1418e+04  5.4617e+02
  1.9780e+01  6.8769e+04  4.2220e+04  5.5750e+02
  1.9880e+01  7.0198e+04  4.3033e+04  5.6899e+02
  1.9980e+01  7.1649e+04  4.3858e+04  5.8067e+02
  2.0080e+01  7.3123e+04  4.4695e+04  5.9251e+02
  2.0180e+01  7.4619e+04  4.5544e+04  6.0454e+02
  2.0280e+01  7.6137e+04  4.6404e+04  6.1674e+02
  2.0380e+01  7.7679e+04  4.7277e+04  6.2912e+02
  2.0480e+01  7.9244e+04  4.8162e+04  6.4169e+02
  2.0579e+01  8.0833e+04  4.9059e+04  6.5444e+02
  2.0679e+01  8.2445e+04  4.9969e+04  6.6737e+02
  2.0779e+01  8.4082e+04  5.0891e+04  6.8049e+02
  2.0879e+01  8.5742e+04  5.1825e+04  6.9381e+02
  2.0979e+01  8.7427e+04  5.2773e+04  7.0731e+02
  2.1079e+01  8.9137e+04  5.3733e+04  7.2100e+02
  2.1179e+01  9.0871e+04  5.4707e+04  7.3489e+02
  2.1279e+01  9.2631e+04  5.5693e+04  7.4898e+02
  2.1379e+01  9.4416e+04  5.6693e+04  7.6327e+02
  2.1479e+01  9.6227e+04  5.7706e+04  7.7775e+02
  2.1578e+01  9.8063e+04  5.8733e+04  7.9244e+02
  2.1678e+01  9.9926e+04  5.9773e+04  8.0733e+02
  2.1778e+01  1.0181e+05  6.0826e+04  8.2243e+02
  2.1878e+01  1.0373e+05  6.1894e+04  8.3773e+02
  2.1978e+01  1.0567e+05  6.2976e+04  8.5325e+02
  2.2078e+01  1.0764e+05  6.4071e+04  8.6897e+02
  2.2178e+01  1.0964e+05  6.5181e+04  8.8491e+02
  2.2278e+01  1.1166e+05  6.6305e+04  9.0106e+02
  2.2378e+01  1.1372e+05  6.7443e+04  9.1743e+02
  2.2478e+01  1.1580e+05  6.8596e+04  9.3402e+02
  2.2577e+01  1.1791e+05  6.9764e+04  9.5083e+02
  2.2677e+01  1.2004e+05  7.0946e+04  9.6786e+02
  2.2777e+01  1.2221e+05  7.2144e+04  9.8512e+02
  2.2877e+01  1.2441e+05  7.3356e+04  1.0026e+03
  2.2977e+01  1.2663e+05  7.4584e+04  1.0203e+03
  2.3077e+01  1.2889e+05  7.5827e+04  1.0383e+03
  2.3177e+01  1.3117e+05  7.7085e+04  1.0564e+03
  2.3277e+01  1.3349e+05  7.8359e+04  1.0748e+03
  2.3377e+01  1.3583e+05  7.9648e+04  1.0935e+03
  2.3477e+01  1.3821e+05  8.0953e+04  1.1124e+03
  2.3576e+01  1.4061e+05  8.2274e+04  1.1315e+03
  2.3676e+01  1.4305e+05  8.3611e+04  1.1509e+03
  2.3776e+01  1.4552e+05  8.4965e+04  1.1705e+03
  2.3876e+01  1.4802e+05  8.6334e+04  1.1903e+03
  2.3976e+01  1.5056e+05  8.7721e+04  1.2104e+03
  2.4076e+01  1.5312e+05  8.9123e+04  1.2308e+03
  2.4176e+01  1.5572e+05  9.0543e+04  1.2514e+03
  2.4276e+01  1.5835e+05  9.1979e+04  1.2722e+03
  2.4376e+01  1.6102e+05  9.3432e+04  1.2934e+03
  2.4476e+01  1.6372e+05  9.4902e+04  1.3147e+03
  2.4575e+01  1.6645e+05  9.6389e+04  1.3364e+03
  2.4675e+01  1.6921e+05  9.7894e+04  1.3583e+03
  2.4775e+01  1.7201e+05  9.9416e+04  1.3804e+03
  2.4875e+01  1.7485e+05  1.0096e+05  1.4029e+03
  2.4975e+01  1.7772e+05  1.0251e+05  1.4256e+03
  2.5075e+01  1.8062e+05  1.0409e+05  1.4486e+03
  2.5175e+01  1.8356e+05  1.0568e+05  1.4718e+03
  2.5275e+01  1.8654e+05  1.0729e+05  1.4953e+03
  2.5375e+01  1.8955e+05  1.0892e+05  1.5191e+03
  2.5475e+01  1.9260e+05  1.1057e+05  1.5432e+03
  2.5574e+01  1.9568e+05  1.1224e+05  1.5676e+03
  2.5674e+01  1.9881e+05  1.1393e+05  1.5922e+03
  2.5774e+01  2.0196e+05  1.1563e+05  1.6171e+03
  2.5874e+01  2.0516e+05  1.1735e+05  1.6423e+03
  2.5974e+01  2.0839e+05  1.1910e+05  1.6679e+03
  2.6074e+01  2.1167e+05  1.2086e+05  1.6937e+03
  2.6174e+01  2.1498e+05  1.2264e+05  1.7198e+03
  2.6274e+01  2.1833e+05  1.2444e+05  1.7462e+03
  2.6374e+01  2.2171e+05  1.2626e+05  1.7728e+03
  2.6474e+01  2.2514e+05  1.2810e+05  1.7998e+03
  2.6573e+01  2.2861e+05  1.2996e+05  1.8271e+03
  2.6673e+01  2.3211e+05  1.3184e+05  1.8548e+03
  2.6773e+01  2.3566e+05  1.3375e+05  1.8827e+03
  2.6873e+01  2.3925e+05  1.3567e+05  1.9109e+03
  2.6973e+01  2.4288e+05  1.3761e+05  1.9394e+03
  2.7073e+01  2.4654e+05  1.3957e+05  1.9683e+03
  2.7173e+01  2.5026e+05  1.4156e+05  1.9975e+03
  2.7273e+01  2.5401e+05  1.4356e+05  2.0269e+03
  2.7373e+01  2.5780e+05  1.4559e+05  2.0568e+03
  2.7473e+01  2.6164e+05  1.4763e+05  2.0869e+03
  2.7572e+01  2.6552e+05  1.4970e+05  2.1174e+03
  2.7672e+01  2.6944e+05  1.5179e+05  2.1482e+03
  2.7772e+01  2.7340e+05  1.5390e+05  2.1793e+03
  2.7872e+01  2.7741e+05  1.5604e+05  2.2107e+03
  2.7972e+01  2.8146e+05  1.5819e+05  2.2425e+03
  2.8072e+01  2.8556e+05  1.6037e+05  2.2747e+03
  2.8172e+01  2.8970e+05  1.6257e+05  2.3071e+03
  2.8272e+01  2.9389e+05  1.6479e+05  2.3400e+03
  2.8372e+01  2.9812e+05  1.6704e+05  2.3731e+03
  2.8472e+01  3.0240e+05  1.6931e+05  2.4066e+03
  2.8571e+01  3.0672e+05  1.7160e+05  2.4405e+03
  2.8671e+01  3.1109e+05  1.7391e+05  2.4747e+03
  2.8771e+01  3.1550e+05  1.7625e+05  2.5093e+03
  2.8871e+01  3.1996e+05  1.7861e+05  2.5442e+03
  2.8971e+01  3.2447e+05  1.8100e+05  2.5795e+03
  2.9071e+01  3.2903e+05  1.8340e+05  2.6151e+03
  2.9171e+01  3.3363e+05  1.8584e+05  2.6512e+03
  2.9271e+01  3.3829e+05  1.8829e+05  2.6875e+03
  2.9371e+01  3.4299e+05  1.9077e+05  2.7243e+03
  2.9471e+01  3.4774e+05  1.9328e+05  2.7614e+03
  2.9570e+01  3.5253e+05  1.9581e+05  2.7989e+03
  2.9670e+01  3.5738e+05  1.9836e+05  2.8368e+03
  2.9770e+01  3.6228e+05  2.0094e+05  2.8751e+03
  2.9870e+01  3.6723e+05  2.0354e+05  2.9137e+03
  2.9970e+01  3.7223e+05  2.0617e+05  2.9527e+03
  3.0070e+01  3.7728e+05  2.0883e+05  2.9921e+03
  3.0170e+01  3.8238e+05  2.1151e+05  3.0320e+03
  3.0270e+01  3.8753e+05  2.1421e+05  3.0721e+03
  3.0370e+01  3.9273e+05  2.1694e+05  3.1127e+03
  3.0470e+01  3.9799e+05  2.1970e+05  3.1537e+03
  3.0569e+01  4.0330e+05  2.2249e+05  3.1951e+03
  3.0669e+01  4.0866e+05  2.2529e+05  3.2369e+03
  3.0769e+01  4.1407e+05  2.2813e+05  3.2791e+03
  3.0869e+01  4.1954e+05  2.3099e+05  3.3217e+03
  3.0969e+01  4.2506e+05  2.3388e+05  3.3647e+03
  3.1069e+01  4.3064e+05  2.3680e+05  3.4082e+03
  3.1169e+01  4.3627e+05  2.3974e+05  3.4520e+03
  3.1269e+01  4.4196e+05  2.4272e+05  3.4963e+03
  3.1369e+01  4.4770e+05  2.4571e+05  3.5410e+03
  3.1469e+01  4.5349e+05  2.4874e+05  3.5861e+03
  3.1568e+01  4.5935e+05  2.5179e+05  3.6316e+03
  3.1668e+01  4.6526e+05  2.5488e+05  3.6776e+03
  3.1768e+01  4.7122e+05  2.5799e+05  3.7240e+03
  3.1868e+01  4.7725e+05  2.6112e+05  3.7708e+03
  3.1968e+01  4.8333e+05  2.6429e+05  3.8181e+03
  3.2068e+01  4.8947e+05  2.6749e+05  3.8658e+03
  3.2168e+01  4.9567e+05  2.7071e+05  3.9139e+03
  3.2268e+01  5.0192e+05  2.7396e+05  3.9625e+03
  3.2368e+01  5.0824e+05  2.7725e+05  4.0116e+03
  3.2468e+01  5.1461e+05  2.8056e+05  4.0611e+03
  3.2567e+01  5.2104e+05  2.8390e+05  4.1110e+03
  3.2667e+01  5.2754e+05  2.8727e+05  4.1614e+03
  3.2767e+01  5.3409e+05  2.9067e+05  4.2123e+03
  3.2867e+01  5.4071e+05  2.9410e+05  4.2636e+03
  3.2967e+01  5.4739e+05  2.9756e+05  4.3154e+03
  3.3067e+01  5.5412e+05  3.0106e+05  4.3676e+03
  3.3167e+01  5.6092e+05  3.0458e+05  4.4204e+03
  3.3267e+01  5.6779e+05  3.0813e+05  4.4736e+03
  3.3367e+01  5.7471e+05  3.1171e+05  4.5272e+03
  3.3467e+01  5.8170e+05  3.1533e+05  4.5814e+03
  3.3566e+01  5.8875e+05  3.1898e+05  4.6360e+03
  3.3666e+01  5.9587e+05  3.2265e+05  4.6912e+03
  3.3766e+01  6.0305e+05  3.2636e+05  4.7468e+03
  3.3866e+01  6.1029e+05  3.3010e+05  4.8029e+03
  3.3966e+01  6.1760e+05  3.3388e+05  4.8594e+03
  3.4066e+01  6.2498e+05  3.3768e+05  4.9165e+03
  3.4166e+01  6.3242e+05  3.4152e+05  4.9741e+03
  3.4266e+01  6.3993e+05  3.4539e+05  5.0322e+03
  3.4366e+01  6.4750e+05  3.4929e+05  5.0908e+03
  3.4466e+01  6.5514e+05  3.5323e+05  5.1499e+03
  3.4565e+01  6.6285e+05  3.5720e+05  5.2095e+03
  3.4665e+01  6.7062e+05  3.6120e+05  5.2696e+03
  3.4765e+01  6.7847e+05  3.6524e+05  5.3302e+03
  3.4865e+01  6.8638e+05  3.6931e+05  5.3914e+03
  3.4965e+01  6.9436e+05  3.7341e+05  5.4530e+03
  3.5065e+01  7.0241e+05  3.7755e+05  5.5152e+03
  3.5165e+01  7.1054e+05  3.8172e+05  5.5780e+03
  3.5265e+01  7.1873e+05  3.8593e+05  5.6412e+03
  3.5365e+01  7.2699e+05  3.9017e+05  5.7050e+03
  3.5465e+01  7.3532e+05  3.9444e+05  5.7693e+03
  3.5564e+01  7.4372e+05  3.9875e+05  5.8342e+03
  3.5664e+01  7.5220e+05  4.0310e+05  5.8996e+03
  3.5764e+01  7.6075e+05  4.0748e+05  5.9655e+03
  3.5864e+01  7.6937e+05  4.1190e+05  6.0320e+03
  3.5964e+01  7.7806e+05  4.1635e+05  6.0991e+03
  3.6064e+01  7.8683e+05  4.2084e+05  6.1667e+03
  3.6164e+01  7.9567e+05  4.2536e+05  6.2349e+03
  3.6264e+01  8.0458e+05  4.2992e+05  6.3036e+03
  3.6364e+01  8.1357e+05  4.3452e+05  6.3729e+03
  3.6464e+01  8.2264e+05  4.3915e+05  6.4427e+03
  3.6563e+01  8.3178e+05  4.4382e+05  6.5131e+03
  3.6663e+01  8.4100e+05  4.4853e+05  6.5841e+03
  3.6763e+01  8.5029e+05  4.5328e+05  6.6557e+03
  3.6863e+01  8.5966e+05  4.5806e+05  6.7278e+03
  3.6963e+01  8.6910e+05  4.6288e+05  6.8006e+03
  3.7063e+01  8.7863e+05  4.6774e+05  6.8739e+03
  3.7163e+01  8.8823e+05  4.7263e+05  6.9478e+03
  3.7263e+01  8.9791e+05  4.7757e+05  7.0223e+03
  3.7363e+01  9.0767e+05  4.8254e+05  7.0974e+03
  3.7463e+01  9.1751e+05  4.8755e+05  7.1731e+03
  3.7562e+01  9.2743e+05  4.9260e+05  7.2493e+03
  3.7662e+01  9.3743e+05  4.9769e+05  7.3262e+03
  3.7762e+01  9.4750e+05  5.0282e+05  7.4037e+03
  3.7862e+01  9.5766e+05  5.0799e+05  7.4818e+03
  3.7962e+01  9.6791e+05  5.1320e+05  7.5606e+03
  3.8062e+01  9.7823e+05  5.1845e+05  7.6399e+03
  3.8162e+01  9.8864e+05  5.2374e+05  7.7198e+03
  3.8262e+01  9.9912e+05  5.2906e+05  7.8004e+03
  3.8362e+01  1.0097e+06  5.3443e+05  7.8816e+03
  3.8462e+01  1.0204e+06  5.3984e+05  7.9635e+03
  3.8561e+01  1.0311e+06  5.4529e+05  8.0459e+03
  3.8661e+01  1.0419e+06  5.5078e+05  8.1290e+03
  3.8761e+01  1.0528e+06  5.5632e+05  8.2128e+03
  3.8861e+01  1.0638e+06  5.6189e+05  8.2972e+03
  3.8961e+01  1.0749e+06  5.6751e+05  8.3822e+03
  3.9061e+01  1.0861e+06  5.7317e+05  8.4679e+03
  3.9161e+01  1.0973e+06  5.7887e+05  8.5542e+03
  3.9261e+01  1.1087e+06  5.8461e+05  8.6412e+03
  3.9361e+01  1.1201e+06  5.9039e+05  8.7288e+03
  3.9461e+01  1.1316e+06  5.9622e+05  8.8171e+03
  3.9560e+01  1.1432e+06  6.0209e+05  8.9061e+03
  3.9660e+01  1.1549e+06  6.0801e+05  8.9957e+03
  3.9760e+01  1.1667e+06  6.1396e+05  9.0860e+03
  3.9860e+01  1.1786e+06  6.1996e+05  9.1770e+03
  3.9960e+01  1.1905e+06  6.2601e+05  9.2687e+03
  4.0060e+01  1.2026e+06  6.3210e+05  9.3610e+03
  4.0160e+01  1.2147e+06  6.3823e+05  9.4541e+03
  4.0260e+01  1.2270e+06  6.4441e+05  9.5478e+03
  4.0360e+01  1.2393e+06  6.5063e+05  9.6422e+03
  4.0460e+01  1.2517e+06  6.5690e+05  9.7373e+03
  4.0559e+01  1.2642e+06  6.6321e+05  9.8331e+03
  4.0659e+01  1.2768e+06  6.6957e+05  9.9296e+03
  4.0759e+01  1.2895e+06  6.7597e+05  1.0027e+04
  4.0859e+01  1.3023e+06  6.8242e+05  1.0125e+04
  4.0959e+01  1.3152e+06  6.8891e+05  1.0223e+04
  4.1059e+01  1.3282e+06  6.9546e+05  1.0323e+04
  4.1159e+01  1.3413e+06  7.0204e+05  1.0423e+04
  4.1259e+01  1.3545e+06  7.0868e+05  1.0524e+04
  4.1359e+01  1.3678e+06  7.1536e+05  1.0625e+04
  4.1459e+01  1.3811e+06  7.2209e+05  1.0727e+04
  4.1558e+01  1.3946e+06  7.2886e+05  1.0830e+04
  4.1658e+01  1.4082e+06  7.3568e+05  1.0934e+04
  4.1758e+01  1.4218e+06  7.4255e+05  1.1039e+04
  4.1858e+01  1.4356e+06  7.4947e+05  1.1144e+04
  4.1958e+01  1.4495e+06  7.5644e+05  1.1250e+04
  4.2058e+01  1.4634e+06  7.6345e+05  1.1356e+04
  4.2158e+01  1.4775e+06  7.7052e+05  1.1464e+04
  4.2258e+01  1.4917e+06  7.7763e+05  1.1572e+04
  4.2358e+01  1.5060e+06  7.8479e+05  1.1681e+04
  4.2458e+01  1.5203e+06  7.9200e+05  1.1791e+04
  4.2557e+01  1.5348e+06  7.9926e+05  1.1901e+04
  4.2657e+01  1.5494e+06  8.0657e+05  1.2013e+04
  4.2757e+01  1.5641e+06  8.1393e+05  1.2125e+04
  4.2857e+01  1.5788e+06  8.2134e+05  1.2237e+04
  4.2957e+01  1.5937e+06  8.2880e+05  1.2351e+04
  4.3057e+01  1.6087e+06  8.3631e+05  1.2465e+04
  4.3157e+01  1.6238e+06  8.4388e+05  1.2581e+04
  4.3257e+01  1.6390e+06  8.5149e+05  1.2697e+04
  4.3357e+01  1.6544e+06  8.5915e+05  1.2813e+04
  4.3457e+01  1.6698e+06  8.6687e+05  1.2931e+04
  4.3556e+01  1.6853e+06  8.7464e+05  1.3049e+04
  4.3656e+01  1.7009e+06  8.8246e+05  1.3169e+04
  4.3756e+01  1.7167e+06  8.9033e+05  1.3289e+04
  4.3856e+01  1.7326e+06  8.9825e+05  1.3409e+04
  4.3956e+01  1.7485e+06  9.0623e+05  1.3531e+04
  4.4056e+01  1.7646e+06  9.1426e+05  1.3653e+04
  4.4156e+01  1.7808e+06  9.2234e+05  1.3777e+04
  4.4256e+01  1.7971e+06  9.3048e+05  1.3901e+04
  4.4356e+01  1.8135e+06  9.3867e+05  1.4026e+04
  4.4456e+01  1.8300e+06  9.4692e+05  1.4152e+04
  4.4555e+01  1.8466e+06  9.5522e+05  1.4278e+04
  4.4655e+01  1.8634e+06  9.6357e+05  1.4406e+04
  4.4755e+01  1.8802e+06  9.7198e+05  1.4534e+04
  4.4855e+01  1.8972e+06  9.8044e+05  1.4663e+04
  4.4955e+01  1.9143e+06  9.8896e+05  1.4793e+04
  4.5055e+01  1.9315e+06  9.9753e+05  1.4924e+04
  4.5155e+01  1.9488e+06  1.0062e+06  1.5056e+04
  4.5255e+01  1.9662e+06  1.0148e+06  1.5188e+04
  4.5355e+01  1.9838e+06  1.0236e+06  1.5322e+04
  4.5455e+01  2.0015e+06  1.0324e+06  1.5456e+04
  4.5554e+01  2.0193e+06  1.0412e+06  1.5592e+04
  4.5654e+01  2.0372e+06  1.0501e+06  1.5728e+04
  4.5754e+01  2.0552e+06  1.0591e+06  1.5865e+04
  4.5854e+01  2.0733e+06  1.0681e+06  1.6003e+04
  4.5954e+01  2.0916e+06  1.0772e+06  1.6141e+04
  4.6054e+01  2.1100e+06  1.0864e+06  1.6281e+04
  4.6154e+01  2.1285e+06  1.0955e+06  1.6422e+04
  4.6254e+01  2.1471e+06  1.1048e+06  1.6563e+04
  4.6354e+01  2.1658e+06  1.1141e+06  1.6706e+04
  4.6454e+01  2.1847e+06  1.1235e+06  1.6849e+04
  4.6553e+01  2.2037e+06  1.1329e+06  1.6993e+04
  4.6653e+01  2.2228e+06  1.1424e+06  1.7138e+04
  4.6753e+01  2.2421e+06  1.1520e+06  1.7284e+04
  4.6853e+01  2.2614e+06  1.1616e+06  1.7431e+04
  4.6953e+01  2.2809e+06  1.1712e+06  1.7579e+04
  4.7053e+01  2.3005e+06  1.1810e+06  1.7728e+04
  4.7153e+01  2.3203e+06  1.1908e+06  1.7878e+04
  4.7253e+01  2.3401e+06  1.2006e+06  1.8029e+04
  4.7353e+01  2.3601e+06  1.2105e+06  1.8181e+04
  4.7453e+01  2.3803e+06  1.2205e+06  1.8333e+04
  4.7552e+01  2.4005e+06  1.2305e+06  1.8487e+04
  4.7652e+01  2.4209e+06  1.2406e+06  1.8641e+04
  4.7752e+01  2.4414e+06  1.2508e+06  1.8797e+04
  4.7852e+01  2.4620e+06  1.2610e+06  1.8954e+04
  4.7952e+01  2.4828e+06  1.2713e+06  1.9111e+04
  4.8052e+01  2.5037e+06  1.2816e+06  1.9270e+04
  4.8152e+01  2.5247e+06  1.2920e+06  1.9429e+04
  4.8252e+01  2.5459e+06  1.3025e+06  1.9589e+04
  4.8352e+01  2.5672e+06  1.3130e+06  1.9751e+04
  4.8452e+01  2.5886e+06  1.3236e+06  1.9913e+04
  4.8551e+01  2.6102e+06  1.3343e+06  2.0077e+04
  4.8651e+01  2.6319e+06  1.3450e+06  2.0241e+04
  4.8751e+01  2.6537e+06  1.3558e+06  2.0406e+04
  4.8851e+01  2.6757e+06  1.3667e+06  2.0573e+04
  4.8951e+01  2.6978e+06  1.3776e+06  2.0740e+04
  4.9051e+01  2.7200e+06  1.3886e+06  2.0909e+04
  4.9151e+01  2.7424e+06  1.3996e+06  2.1078e+04
  4.9251e+01  2.7649e+06  1.4108e+06  2.1249e+04
  4.9351e+01  2.7876e+06  1.4219e+06  2.1420e+04
  4.9451e+01  2.8104e+06  1.4332e+06  2.1593e+04
  4.9550e+01  2.8333e+06  1.4445e+06  2.1766e+04
  4.9650e+01  2.8564e+06  1.4559e+06  2.1941e+04
  4.9750e+01  2.8796e+06  1.4673e+06  2.2117e+04
  4.9850e+01  2.9030e+06  1.4789e+06  2.2294e+04
  4.9950e+01  2.9265e+06  1.4904e+06  2.2471e+04
  5.0050e+01  2.9501e+06  1.5021e+06  2.2650e+04
  5.0150e+01  2.9739e+06  1.5138e+06  2.2830e+04
  5.0250e+01  2.9978e+06  1.5256e+06  2.3011e+04
  5.0350e+01  3.0219e+06  1.5375e+06  2.3193e+04
  5.0450e+01  3.0461e+06  1.5494e+06  2.3376e+04
  5.0549e+01  3.0705e+06  1.5614e+06  2.3560e+04
  5.0649e+01  3.0950e+06  1.5735e+06  2.3746e+04
  5.0749e+01  3.1196e+06  1.5856e+06  2.3932e+04
  5.0849e+01  3.1444e+06  1.5978e+06  2.4120e+04
  5.0949e+01  3.1694e+06  1.6101e+06  2.4308e+04
  5.1049e+01  3.1945e+06  1.6224e+06  2.4498e+04
  5.1149e+01  3.2197e+06  1.6348e+06  2.4689e+04
  5.1249e+01  3.2451e+06  1.6473e+06  2.4880e+04
  5.1349e+01  3.2707e+06  1.6599e+06  2.5073e+04
  5.1449e+01  3.2963e+06  1.6725e+06  2.5268e+04
  5.1548e+01  3.3222e+06  1.6852e+06  2.5463e+04
  5.1648e+01  3.3482e+06  1.6980e+06  2.5659e+04
  5.1748e+01  3.3743e+06  1.7108e+06  2.5857e+04
  5.1848e+01  3.4006e+06  1.7238e+06  2.6055e+04
  5.1948e+01  3.4271e+06  1.7368e+06  2.6255e+04
  5.2048e+01  3.4537e+06  1.7498e+06  2.6456e+04
  5.2148e+01  3.4805e+06  1.7630e+06  2.6658e+04
  5.2248e+01  3.5074e+06  1.7762e+06  2.6861e+04
  5.2348e+01  3.5345e+06  1.7895e+06  2.7066e+04
  5.2448e+01  3.5617e+06  1.8028e+06  2.7271e+04
  5.2547e+01  3.5891e+06  1.8163e+06  2.7478e+04
  5.2647e+01  3.6166e+06  1.8298e+06  2.7686e+04
  5.2747e+01  3.6443e+06  1.8434e+06  2.7895e+04
  5.2847e+01  3.6722e+06  1.8570e+06  2.8105e+04
  5.2947e+01  3.7002e+06  1.8708e+06  2.8316e+04
  5.3047e+01  3.7284e+06  1.8846e+06  2.8529e+04
  5.3147e+01  3.7567e+06  1.8985e+06  2.8743e+04
  5.3247e+01  3.7852e+06  1.9124e+06  2.8958e+04
  5.3347e+01  3.8139e+06  1.9265e+06  2.9174e+04
  5.3447e+01  3.8427e+06  1.9406e+06  2.9391e+04
  5.3546e+01  3.8717e+06  1.9548e+06  2.9610e+04
  5.3646e+01  3.9009e+06  1.9691e+06  2.9829e+04
  5.3746e+01  3.9302e+06  1.9834e+06  3.0050e+04
  5.3846e+01  3.9597e+06  1.9979e+06  3.0273e+04
  5.3946e+01  3.9893e+06  2.0124e+06  3.0496e+04
  5.4046e+01  4.0191e+06  2.0270e+06  3.0721e+04
  5.4146e+01  4.0491e+06  2.0416e+06  3.0947e+04
  5.4246e+01  4.0793e+06  2.0564e+06  3.1174e+04
  5.4346e+01  4.1096e+06  2.0712e+06  3.1402e+04
  5.4446e+01  4.1401e+06  2.0861e+06  3.1632e+04
  5.4545e+01  4.1707e+06  2.1011e+06  3.1863e+04
  5.4645e+01  4.2016e+06  2.1162e+06  3.2095e+04
  5.4745e+01  4.2326e+06  2.1313e+06  3.2329e+04
  5.4845e+01  4.2637e+06  2.1466e+06  3.2563e+04
  5.4945e+01  4.2951e+06  2.1619e+06  3.2799e+04
  5.5045e+01  4.3266e+06  2.1773e+06  3.3036e+04
  5.5145e+01  4.3583e+06  2.1927e+06  3.3275e+04
  5.5245e+01  4.3901e+06  2.2083e+06  3.3515e+04
  5.5345e+01  4.4221e+06  2.2239e+06  3.3756e+04
  5.5445e+01  4.4544e+06  2.2397e+06  3.3998e+04
  5.5544e+01  4.4867e+06  2.2555e+06  3.4242e+04
  5.5644e+01  4.5193e+06  2.2714e+06  3.4487e+04
  5.5744e+01  4.5520e+06  2.2873e+06  3.4733e+04
  5.5844e+01  4.5849e+06  2.3034e+06  3.4981e+04
  5.5944e+01  4.6180e+06  2.3195e+06  3.5230e+04
  5.6044e+01  4.6513e+06  2.3358e+06  3.5480e+04
  5.6144e+01  4.6848e+06  2.3521e+06  3.5732e+04
  5.6244e+01  4.7184e+06  2.3685e+06  3.5985e+04
  5.6344e+01  4.7522e+06  2.3850e+06  3.6239e+04
  5.6444e+01  4.7862e+06  2.4015e+06  3.6495e+04
  5.6543e+01  4.8204e+06  2.4182e+06  3.6752e+04
  5.6643e+01  4.8547e+06  2.4349e+06  3.7010e+04
  5.6743e+01  4.8893e+06  2.4518e+06  3.7270e+04
  5.6843e+01  4.9240e+06  2.4687e+06  3.7531e+04
  5.6943e+01  4.9589e+06  2.4857e+06  3.7793e+04
  5.7043e+01  4.9940e+06  2.5028e+06  3.8057e+04
  5.7143e+01  5.0293e+06  2.5199e+06  3.8322e+04
  5.7243e+01  5.0647e+06  2.5372e+06  3.8589e+04
  5.7343e+01  5.1004e+06  2.5546e+06  3.8857e+04
  5.7443e+01  5.1362e+06  2.5720e+06  3.9126e+04
  5.7542e+01  5.1723e+06  2.5895e+06  3.9397e+04
  5.7642e+01  5.2085e+06  2.6072e+06  3.9669e+04
  5.7742e+01  5.2449e+06  2.6249e+06  3.9942e+04
  5.7842e+01  5.2815e+06  2.6427e+06  4.0217e+04
  5.7942e+01  5.3183e+06  2.6606e+06  4.0493e+04
  5.8042e+01  5.3553e+06  2.6786e+06  4.0771e+04
  5.8142e+01  5.3924e+06  2.6966e+06  4.1050e+04
  5.8242e+01  5.4298e+06  2.7148e+06  4.1331e+04
  5.8342e+01  5.4674e+06  2.7331e+06  4.1613e+04
  5.8442e+01  5.5051e+06  2.7514e+06  4.1896e+04
  5.8541e+01  5.5431e+06  2.7698e+06  4.2181e+04
  5.8641e+01  5.5812e+06  2.7884e+06  4.2468e+04
  5.8741e+01  5.6196e+06  2.8070e+06  4.2755e+04
  5.8841e+01  5.6581e+06  2.8257e+06  4.3045e+04
  5.8941e+01  5.6968e+06  2.8445e+06  4.3335e+04
  5.9041e+01  5.7358e+06  2.8634e+06  4.3628e+04
  5.9141e+01  5.7749e+06  2.8824e+06  4.3921e+04
  5.9241e+01  5.8142e+06  2.9015e+06  4.4216e+04
  5.9341e+01  5.8538e+06  2.9207e+06  4.4513e+04
  5.9441e+01  5.8935e+06  2.9400e+06  4.4811e+04
  5.9540e+01  5.9335e+06  2.9594e+06  4.5111e+04
  5.9640e+01  5.9736e+06  2.9789e+06  4.5412e+04
  5.9740e+01  6.0139e+06  2.9984e+06  4.5715e+04
  5.9840e+01  6.0545e+06  3.0181e+06  4.6019e+04
  5.9940e+01  6.0953e+06  3.0379e+06  4.6324e+04
  6.0040e+01  6.1362e+06  3.0577e+06  4.6631e+04
  6.0140e+01  6.1774e+06  3.0777e+06  4.6940e+04
  6.0240e+01  6.2187e+06  3.0977e+06  4.7250e+04
  6.0340e+01  6.2603e+06  3.1179e+06  4.7562e+04
  6.0440e+01  6.3021e+06  3.1381e+06  4.7875e+04
  6.0539e+01  6.3441e+06  3.1585e+06  4.8190e+04
  6.0639e+01  6.3863e+06  3.1789e+06  4.8506e+04
  6.0739e+01  6.4287e+06  3.1995e+06  4.8824e+04
  6.0839e+01  6.4714e+06  3.2201e+06  4.9144e+04
  6.0939e+01  6.5142e+06  3.2409e+06  4.9465e+04
  6.1039e+01  6.5573e+06  3.2617e+06  4.9787e+04
  6.1139e+01  6.6005e+06  3.2827e+06  5.0111e+04
  6.1239e+01  6.6440e+06  3.3037e+06  5.0437e+04
  6.1339e+01  6.6877e+06  3.3249e+06  5.0764e+04
  6.1439e+01  6.7316e+06  3.3461e+06  5.1093e+04
  6.1538e+01  6.7757e+06  3.3675e+06  5.1424e+04
  6.1638e+01  6.8201e+06  3.3889e+06  5.1756e+04
  6.1738e+01  6.8646e+06  3.4105e+06  5.2090e+04
  6.1838e+01  6.9094e+06  3.4321e+06  5.2425e+04
  6.1938e+01  6.9544e+06  3.4539e+06  5.2762e+04
  6.2038e+01  6.9996e+06  3.4758e+06  5.3100e+04
  6.2138e+01  7.0450e+06  3.4977e+06  5.3440e+04
  6.2238e+01  7.0907e+06  3.5198e+06  5.3782e+04
  6.2338e+01  7.1366e+06  3.5420e+06  5.4126e+04
  6.2438e+01  7.1827e+06  3.5643e+06  5.4471e+04
  6.2537e+01  7.2290e+06  3.5866e+06  5.4817e+04
  6.2637e+01  7.2755e+06  3.6091e+06  5.5166e+04
  6.2737e+01  7.3223e+06  3.6317e+06  5.5516e+04
  6.2837e+01  7.3693e+06  3.6544e+06  5.5867e+04
  6.2937e+01  7.4165e+06  3.6772e+06  5.6221e+04
  6.3037e+01  7.4640e+06  3.7002e+06  5.6576e+04
  6.3137e+01  7.5116e+06  3.7232e+06  5.6932e+04
  6.3237e+01  7.5595e+06  3.7463e+06  5.7291e+04
  6.3337e+01  7.6077e+06  3.7695e+06  5.7651e+04
  6.3437e+01  7.6560e+06  3.7929e+06  5.8013e+04
  6.3536e+01  7.7046e+06  3.8163e+06  5.8376e+04
  6.3636e+01  7.7534e+06  3.8399e+06  5.8741e+04
  6.3736e+01  7.8025e+06  3.8636e+06  5.9108e+04
  6.3836e+01  7.8518e+06  3.8873e+06  5.9476e+04
  6.3936e+01  7.9013e+06  3.9112e+06  5.9847e+04
  6.4036e+01  7.9510e+06  3.9352e+06  6.0219e+04
  6.4136e+01  8.0010e+06  3.9593e+06  6.0592e+04
  6.4236e+01  8.0512e+06  3.9836e+06  6.0968e+04
  6.4336e+01  8.1017e+06  4.0079e+06  6.1345e+04
  6.4436e+01  8.1524e+06  4.0323e+06  6.1724e+04
  6.4535e+01  8.2033e+06  4.0569e+06  6.2105e+04
  6.4635e+01  8.2545e+06  4.0815e+06  6.2487e+04
  6.4735e+01  8.3059e+06  4.1063e+06  6.2871e+04
  6.4835e+01  8.3576e+06  4.1312e+06  6.3257e+04
  6.4935e+01  8.4094e+06  4.1562e+06  6.3645e+04
  6.5035e+01  8.4616e+06  4.1813e+06  6.4035e+04
  6.5135e+01  8.5139e+06  4.2066e+06  6.4426e+04
  6.5235e+01  8.5666e+06  4.2319e+06  6.4819e+04
  6.5335e+01  8.6194e+06  4.2574e+06  6.5214e+04
  6.5435e+01  8.6725e+06  4.2829e+06  6.5610e+04
  6.5534e+01  8.7259e+06  4.3086e+06  6.6009e+04
  6.5634e+01  8.7795e+06  4.3344e+06  6.6409e+04
  6.5734e+01  8.8333e+06  4.3603e+06  6.6811e+04
  6.5834e+01  8.8874e+06  4.3864e+06  6.7215e+04
  6.5934e+01  8.9417e+06  4.4125e+06  6.7621e+04
  6.6034e+01  8.9963e+06  4.4388e+06  6.8029e+04
  6.6134e+01  9.0511e+06  4.4652e+06  6.8438e+04
  6.6234e+01  9.1062e+06  4.4917e+06  6.8849e+04
  6.6334e+01  9.1616e+06  4.5183e+06  6.9262e+04
  6.6434e+01  9.2171e+06  4.5450e+06  6.9677e+04
  6.6533e+01  9.2730e+06  4.5719e+06  7.0094e+04
  6.6633e+01  9.3291e+06  4.5989e+06  7.0513e+04
  6.6733e+01  9.3854e+06  4.6260e+06  7.0933e+04
  6.6833e+01  9.4420e+06  4.6532e+06  7.1356e+04
  6.6933e+01  9.4989e+06  4.6805e+06  7.1780e+04
  6.7033e+01  9.5560e+06  4.7080e+06  7.2206e+04
  6.7133e+01  9.6134e+06  4.7355e+06  7.2634e+04
  6.7233e+01  9.6710e+06  4.7632e+06  7.3064e+04
  6.7333e+01  9.7289e+06  4.7910e+06  7.3496e+04
  6.7433e+01  9.7870e+06  4.8190e+06  7.3930e+04
  6.7532e+01  9.8454e+06  4.8470e+06  7.4366e+04
  6.7632e+01  9.9041e+06  4.8752e+06  7.4803e+04
  6.7732e+01  9.9630e+06  4.9035e+06  7.5243e+04
  6.7832e+01  1.0022e+07  4.9319e+06  7.5684e+04
  6.7932e+01  1.0082e+07  4.9605e+06  7.6128e+04
  6.8032e+01  1.0141e+07  4.9892e+06  7.6573e+04
  6.8132e+01  1.0201e+07  5.0180e+06  7.7020e+04
  6.8232e+01  1.0262e+07  5.0469e+06  7.7470e+04
  6.8332e+01  1.0322e+07  5.0759e+06  7.7921e+04
  6.8432e+01  1.0383e+07  5.1051e+06  7.8374e+04
  6.8531e+01  1.0444e+07  5.1344e+06  7.8829e+04
  6.8631e+01  1.0505e+07  5.1638e+06  7.9286e+04
  6.8731e+01  1.0567e+07  5.1934e+06  7.9746e+04
  6.8831e+01  1.0629e+07  5.2231e+06  8.0207e+04
  6.8931e+01  1.0691e+07  5.2529e+06  8.0670e+04
  6.9031e+01  1.0753e+07  5.2828e+06  8.1135e+04
  6.9131e+01  1.0816e+07  5.3128e+06  8.1602e+04
  6.9231e+01  1.0879e+07  5.3430e+06  8.2071e+04
  6.9331e+01  1.0942e+07  5.3734e+06  8.2542e+04
  6.9431e+01  1.1006e+07  5.4038e+06  8.3015e+04
  6.9530e+01  1.1069e+07  5.4344e+06  8.3490e+04
  6.9630e+01  1.1133e+07  5.4651e+06  8.3968e+04
  6.9730e+01  1.1198e+07  5.4959e+06  8.4447e+04
  6.9830e+01  1.1262e+07  5.5269e+06  8.4928e+04
  6.9930e+01  1.1327e+07  5.5580e+06  8.5412e+04
  7.0030e+01  1.1392e+07  5.5892e+06  8.5897e+04
  7.0130e+01  1.1458e+07  5.6205e+06  8.6384e+04
  7.0230e+01  1.1524e+07  5.6520e+06  8.6874e+04
  7.0330e+01  1.1590e+07  5.6836e+06  8.7366e+04
  7.0430e+01  1.1656e+07  5.7154e+06  8.7859e+04
  7.0529e+01  1.1722e+07  5.7473e+06  8.8355e+04
  7.0629e+01  1.1789e+07  5.7793e+06  8.8853e+04
  7.0729e+01  1.1856e+07  5.8114e+06  8.9353e+04
  7.0829e+01  1.1924e+07  5.8437e+06  8.9855e+04
  7.0929e+01  1.1992e+07  5.8761e+06  9.0359e+04
  7.1029e+01  1.2060e+07  5.9087e+06  9.0866e+04
  7.1129e+01  1.2128e+07  5.9414e+06  9.1374e+04
  7.1229e+01  1.2197e+07  5.9742e+06  9.1885e+04
  7.1329e+01  1.2265e+07  6.0072e+06  9.2397e+04
  7.1429e+01  1.2335e+07  6.0403e+06  9.2912e+04
  7.1528e+01  1.2404e+07  6.0735e+06  9.3429e+04
  7.1628e+01  1.2474e+07  6.1069e+06  9.3948e+04
  7.1728e+01  1.2544e+07  6.1404e+06  9.4469e+04
  7.1828e+01  1.2614e+07  6.1740e+06  9.4993e+04
  7.1928e+01  1.2685e+07  6.2078e+06  9.5518e+04
  7.2028e+01  1.2756e+07  6.2417e+06  9.6046e+04
  7.2128e+01  1.2827e+07  6.2758e+06  9.6576e+04
  7.2228e+01  1.2899e+07  6.3100e+06  9.7108e+04
  7.2328e+01  1.2970e+07  6.3443e+06  9.7643e+04
  7.2428e+01  1.3042e+07  6.3788e+06  9.8179e+04
  7.2527e+01  1.3115e+07  6.4134e+06  9.8718e+04
  7.2627e+01  1.3188e+07  6.4482e+06  9.9259e+04
  7.2727e+01  1.3261e+07  6.4831e+06  9.9802e+04
  7.2827e+01  1.3334e+07  6.5181e+06  1.0035e+05
  7.2927e+01  1.3408e+07  6.5533e+06  1.0090e+05
  7.3027e+01  1.3482e+07  6.5886e+06  1.0144e+05
  7.3127e+01  1.3556e+07  6.6241e+06  1.0200e+05
  7.3227e+01  1.3630e+07  6.6597e+06  1.0255e+05
  7.3327e+01  1.3705e+07  6.6954e+06  1.0311e+05
  7.3427e+01  1.3780e+07  6.7313e+06  1.0367e+05
  7.3526e+01  1.3856e+07  6.7674e+06  1.0423e+05
  7.3626e+01  1.3932e+07  6.8036e+06  1.0479e+05
  7.3726e+01  1.4008e+07  6.8399e+06  1.0536e+05
  7.3826e+01  1.4084e+07  6.8764e+06  1.0593e+05
  7.3926e+01  1.4161e+07  6.9130e+06  1.0650e+05
  7.4026e+01  1.4238e+07  6.9498e+06  1.0707e+05
  7.4126e+01  1.4315e+07  6.9867e+06  1.0764e+05
  7.4226e+01  1.4393e+07  7.0237e+06  1.0822e+05
  7.4326e+01  1.4471e+07  7.0610e+06  1.0880e+05
  7.4426e+01  1.4549e+07  7.0983e+06  1.0938e+05
  7.4525e+01  1.4628e+07  7.1358e+06  1.0997e+05
  7.4625e+01  1.4707e+07  7.1735e+06  1.1055e+05
  7.4725e+01  1.4786e+07  7.2113e+06  1.1114e+05
  7.4825e+01  1.4866e+07  7.2492e+06  1.1173e+05
  7.4925e+01  1.4945e+07  7.2873e+06  1.1233e+05
  7.5025e+01  1.5026e+07  7.3256e+06  1.1292e+05
  7.5125e+01  1.5106e+07  7.3640e+06  1.1352e+05
  7.5225e+01  1.5187e+07  7.4025e+06  1.1412e+05
  7.5325e+01  1.5268e+07  7.4412e+06  1.1472e+05
  7.5425e+01  1.5350e+07  7.4801e+06  1.1533e+05
  7.5524e+01  1.5432e+07  7.5191e+06  1.1594e+05
  7.5624e+01  1.5514e+07  7.5582e+06  1.1655e+05
  7.5724e+01  1.5596e+07  7.5975e+06  1.1716e+05
  7.5824e+01  1.5679e+07  7.6370e+06  1.1777e+05
  7.5924e+01  1.5762e+07  7.6766e+06  1.1839e+05
  7.6024e+01  1.5846e+07  7.7164e+06  1.1901e+05
  7.6124e+01  1.5929e+07  7.7563e+06  1.1963e+05
  7.6224e+01  1.6014e+07  7.7964e+06  1.2026e+05
  7.6324e+01  1.6098e+07  7.8366e+06  1.2088e+05
  7.6424e+01  1.6183e+07  7.8770e+06  1.2151e+05
  7.6523e+01  1.6268e+07  7.9176e+06  1.2215e+05
  7.6623e+01  1.6353e+07  7.9583e+06  1.2278e+05
  7.6723e+01  1.6439e+07  7.9991e+06  1.2342e+05
  7.6823e+01  1.6525e+07  8.0401e+06  1.2406e+05
  7.6923e+01  1.6612e+07  8.0813e+06  1.2470e+05
  7.7023e+01  1.6699e+07  8.1226e+06  1.2534e+05
  7.7123e+01  1.6786e+07  8.1641e+06  1.2599e+05
  7.7223e+01  1.6873e+07  8.2058e+06  1.2664e+05
  7.7323e+01  1.6961e+07  8.2476e+06  1.2729e+05
  7.7423e+01  1.7049e+07  8.2895e+06  1.2795e+05
  7.7522e+01  1.7138e+07  8.3317e+06  1.2860e+05
  7.7622e+01  1.7227e+07  8.3740e+06  1.2926e+05
  7.7722e+01  1.7316e+07  8.4164e+06  1.2992e+05
  7.7822e+01  1.7406e+07  8.4590e+06  1.3059e+05
  7.7922e+01  1.7496e+07  8.5018e+06  1.3125e+05
  7.8022e+01  1.7586e+07  8.5447e+06  1.3192e+05
  7.8122e+01  1.7676e+07  8.5878e+06  1.3260e+05
  7.8222e+01  1.7767e+07  8.6311e+06  1.3327e+05
  7.8322e+01  1.7859e+07  8.6745e+06  1.3395e+05
  7.8422e+01  1.7950e+07  8.7181e+06  1.3463e+05
  7.8521e+01  1.8042e+07  8.7618e+06  1.3531e+05
  7.8621e+01  1.8135e+07  8.8057e+06  1.3600e+05
  7.8721e+01  1.8227e+07  8.8498e+06  1.3668e+05
  7.8821e+01  1.8321e+07  8.8940e+06  1.3737e+05
  7.8921e+01  1.8414e+07  8.9384e+06  1.3807e+05
  7.9021e+01  1.8508e+07  8.9830e+06  1.3876e+05
  7.9121e+01  1.8602e+07  9.0278e+06  1.3946e+05
  7.9221e+01  1.8696e+07  9.0727e+06  1.4016e+05
  7.9321e+01  1.8791e+07  9.1177e+06  1.4086e+05
  7.9421e+01  1.8886e+07  9.1630e+06  1.4157e+05
  7.9520e+01  1.8982e+07  9.2084e+06  1.4228e+05
  7.9620e+01  1.9078e+07  9.2540e+06  1.4299e+05
  7.9720e+01  1.9174e+07  9.2997e+06  1.4370e+05
  7.9820e+01  1.9271e+07  9.3456e+06  1.4442e+05
  7.9920e+01  1.9368e+07  9.3917e+06  1.4514e+05
  8.0020e+01  1.9465e+07  9.4380e+06  1.4586e+05
  8.0120e+01  1.9563e+07  9.4844e+06  1.4658e+05
  8.0220e+01  1.9661e+07  9.5310e+06  1.4731e+05
  8.0320e+01  1.9760e+07  9.5778e+06  1.4804e+05
  8.0420e+01  1.9859e+07  9.6247e+06  1.4877e+05
  8.0519e+01  1.9958e+07  9.6718e+06  1.4951e+05
  8.0619e+01  2.0058e+07  9.7191e+06  1.5025e+05
  8.0719e+01  2.0158e+07  9.7666e+06  1.5099e+05
  8.0819e+01  2.0258e+07  9.8142e+06  1.5173e+05
  8.0919e+01  2.0359e+07  9.8620e+06  1.5248e+05
  8.1019e+01  2.0460e+07  9.9100e+06  1.5323e+05
  8.1119e+01  2.0561e+07  9.9581e+06  1.5398e+05
  8.1219e+01  2.0663e+07  1.0006e+07  1.5473e+05
  8.1319e+01  2.0766e+07  1.0055e+07  1.5549e+05
  8.1419e+01  2.0868e+07  1.0104e+07  1.5625e+05
  8.1518e+01  2.0971e+07  1.0153e+07  1.5701e+05
  8.1618e+01  2.1075e+07  1.0202e+07  1.5778e+05
  8.1718e+01  2.1178e+07  1.0251e+07  1.5855e+05
  8.1818e+01  2.1282e+07  1.0300e+07  1.5932e+05
  8.1918e+01  2.1387e+07  1.0350e+07  1.6009e+05
  8.2018e+01  2.1492e+07  1.0399e+07  1.6087e+05
  8.2118e+01  2.1597e+07  1.0449e+07  1.6165e+05
  8.2218e+01  2.1703e+07  1.0500e+07  1.6243e+05
  8.2318e+01  2.1809e+07  1.0550e+07  1.6322e+05
  8.2418e+01  2.1916e+07  1.0600e+07  1.6401e+05
  8.2517e+01  2.2022e+07  1.0651e+07  1.6480e+05
  8.2617e+01  2.2130e+07  1.0702e+07  1.6559e+05
  8.2717e+01  2.2237e+07  1.0753e+07  1.6639e+05
  8.2817e+01  2.2345e+07  1.0804e+07  1.6719e+05
  8.2917e+01  2.2454e+07  1.0855e+07  1.6799e+05
  8.3017e+01  2.2563e+07  1.0907e+07  1.6880e+05
  8.3117e+01  2.2672e+07  1.0959e+07  1.6960e+05
  8.3217e+01  2.2781e+07  1.1011e+07  1.7042e+05
  8.3317e+01  2.2891e+07  1.1063e+07  1.7123e+05
  8.3417e+01  2.3002e+07  1.1115e+07  1.7205e+05
  8.3516e+01  2.3113e+07  1.1167e+07  1.7287e+05
  8.3616e+01  2.3224e+07  1.1220e+07  1.7369e+05
  8.3716e+01  2.3335e+07  1.1273e+07  1.7451e+05
  8.3816e+01  2.3447e+07  1.1326e+07  1.7534e+05
  8.3916e+01  2.3560e+07  1.1379e+07  1.7618e+05
  8.4016e+01  2.3673e+07  1.1433e+07  1.7701e+05
  8.4116e+01  2.3786e+07  1.1486e+07  1.7785e+05
  8.4216e+01  2.3899e+07  1.1540e+07  1.7869e+05
  8.4316e+01  2.4014e+07  1.1594e+07  1.7953e+05
  8.4416e+01  2.4128e+07  1.1648e+07  1.8038e+05
  8.4515e+01  2.4243e+07  1.1702e+07  1.8123e+05
  8.4615e+01  2.4358e+07  1.1757e+07  1.8208e+05
  8.4715e+01  2.4474e+07  1.1812e+07  1.8294e+05
  8.4815e+01  2.4590e+07  1.1867e+07  1.8379e+05
  8.4915e+01  2.4706e+07  1.1922e+07  1.8466e+05
  8.5015e+01  2.4823e+07  1.1977e+07  1.8552e+05
  8.5115e+01  2.4941e+07  1.2033e+07  1.8639e+05
  8.5215e+01  2.5058e+07  1.2088e+07  1.8726e+05
  8.5315e+01  2.5176e+07  1.2144e+07  1.8813e+05
  8.5415e+01  2.5295e+07  1.2200e+07  1.8901e+05
  8.5514e+01  2.5414e+07  1.2257e+07  1.8989e+05
  8.5614e+01  2.5533e+07  1.2313e+07  1.9077e+05
  8.5714e+01  2.5653e+07  1.2370e+07  1.9166e+05
  8.5814e+01  2.5773e+07  1.2427e+07  1.9255e+05
  8.5914e+01  2.5894e+07  1.2484e+07  1.9344e+05
  8.6014e+01  2.6015e+07  1.2541e+07  1.9433e+05
  8.6114e+01  2.6137e+07  1.2598e+07  1.9523e+05
  8.6214e+01  2.6259e+07  1.2656e+07  1.9613e+05
  8.6314e+01  2.6381e+07  1.2714e+07  1.9704e+05
  8.6414e+01  2.6504e+07  1.2772e+07  1.9794e+05
  8.6513e+01  2.6627e+07  1.2830e+07  1.9885e+05
  8.6613e+01  2.6751e+07  1.2888e+07  1.9977e+05
  8.6713e+01  2.6875e+07  1.2947e+07  2.0069e+05
  8.6813e+01  2.6999e+07  1.3006e+07  2.0161e+05
  8.6913e+01  2.7124e+07  1.3065e+07  2.0253e+05
  8.7013e+01  2.7250e+07  1.3124e+07  2.0346e+05
  8.7113e+01  2.7375e+07  1.3184e+07  2.0438e+05
  8.7213e+01  2.7502e+07  1.3243e+07  2.0532e+05
  8.7313e+01  2.7628e+07  1.3303e+07  2.0625e+05
  8.7413e+01  2.7755e+07  1.3363e+07  2.0719e+05
  8.7512e+01  2.7883e+07  1.3423e+07  2.0814e+05
  8.7612e+01  2.8011e+07  1.3484e+07  2.0908e+05
  8.7712e+01  2.8139e+07  1.3545e+07  2.1003e+05
  8.7812e+01  2.8268e+07  1.3605e+07  2.1098e+05
  8.7912e+01  2.8398e+07  1.3666e+07  2.1194e+05
  8.8012e+01  2.8527e+07  1.3728e+07  2.1290e+05
  8.8112e+01  2.8658e+07  1.3789e+07  2.1386e+05
  8.8212e+01  2.8788e+07  1.3851e+07  2.1482e+05
  8.8312e+01  2.8919e+07  1.3913e+07  2.1579e+05
  8.8412e+01  2.9051e+07  1.3975e+07  2.1676e+05
  8.8511e+01  2.9183e+07  1.4037e+07  2.1774e+05
  8.8611e+01  2.9315e+07  1.4100e+07  2.1871e+05
  8.8711e+01  2.9448e+07  1.4162e+07  2.1970e+05
  8.8811e+01  2.9582e+07  1.4225e+07  2.2068e+05
  8.8911e+01  2.9715e+07  1.4288e+07  2.2167e+05
  8.9011e+01  2.9850e+07  1.4352e+07  2.2266e+05
  8.9111e+01  2.9984e+07  1.4415e+07  2.2365e+05
  8.9211e+01  3.0120e+07  1.4479e+07  2.2465e+05
  8.9311e+01  3.0255e+07  1.4543e+07  2.2565e+05
  8.9411e+01  3.0391e+07  1.4607e+07  2.2666e+05
  8.9510e+01  3.0528e+07  1.4672e+07  2.2767e+05
  8.9610e+01  3.0665e+07  1.4736e+07  2.2868e+05
  8.9710e+01  3.0802e+07  1.4801e+07  2.2969e+05
  8.9810e+01  3.0940e+07  1.4866e+07  2.3071e+05
  8.9910e+01  3.1079e+07  1.4931e+07  2.3173e+05
  9.0010e+01  3.1217e+07  1.4997e+07  2.3276e+05
  9.0110e+01  3.1357e+07  1.5063e+07  2.3378e+05
  9.0210e+01  3.1496e+07  1.5128e+07  2.3482e+05
  9.0310e+01  3.1637e+07  1.5195e+07  2.3585e+05
  9.0410e+01  3.1777e+07  1.5261e+07  2.3689e+05
  9.0509e+01  3.1919e+07  1.5327e+07  2.3793e+05
  9.0609e+01  3.2060e+07  1.5394e+07  2.3898e+05
  9.0709e+01  3.2202e+07  1.5461e+07  2.4002e+05
  9.0809e+01  3.2345e+07  1.5528e+07  2.4108e+05
  9.0909e+01  3.2488e+07  1.5596e+07  2.4213e+05
  9.1009e+01  3.2632e+07  1.5664e+07  2.4319e+05
  9.1109e+01  3.2776e+07  1.5731e+07  2.4425e+05
  9.1209e+01  3.2920e+07  1.5799e+07  2.4532e+05
  9.1309e+01  3.3065e+07  1.5868e+07  2.4639e+05
  9.1409e+01  3.3210e+07  1.5936e+07  2.4746e+05
  9.1508e+01  3.3356e+07  1.6005e+07  2.4854e+05
  9.1608e+01  3.3503e+07  1.6074e+07  2.4962e+05
  9.1708e+01  3.3650e+07  1.6143e+07  2.5070e+05
  9.1808e+01  3.3797e+07  1.6213e+07  2.5179e+05
  9.1908e+01  3.3945e+07  1.6282e+07  2.5288e+05
  9.2008e+01  3.4093e+07  1.6352e+07  2.5397e+05
  9.2108e+01  3.4242e+07  1.6422e+07  2.5507e+05
  9.2208e+01  3.4391e+07  1.6492e+07  2.5617e+05
  9.2308e+01  3.4541e+07  1.6563e+07  2.5728e+05
  9.2408e+01  3.4691e+07  1.6634e+07  2.5838e+05
  9.2507e+01  3.4842e+07  1.6705e+07  2.5950e+05
  9.2607e+01  3.4993e+07  1.6776e+07  2.6061e+05
  9.2707e+01  3.5145e+07  1.6847e+07  2.6173e+05
  9.2807e+01  3.5297e+07  1.6919e+07  2.6285e+05
  9.2907e+01  3.5450e+07  1.6991e+07  2.6398e+05
  9.3007e+01  3.5603e+07  1.7063e+07  2.6511e+05
  9.3107e+01  3.5757e+07  1.7135e+07  2.6624e+05
  9.3207e+01  3.5911e+07  1.7208e+07  2.6738e+05
  9.3307e+01  3.6066e+07  1.7281e+07  2.6852e+05
  9.3407e+01  3.6221e+07  1.7354e+07  2.6966e+05
  9.3506e+01  3.6377e+07  1.7427e+07  2.7081e+05
  9.3606e+01  3.6533e+07  1.7501e+07  2.7196e+05
  9.3706e+01  3.6690e+07  1.7574e+07  2.7312e+05
  9.3806e+01  3.6847e+07  1.7648e+07  2.7428e+05
  9.3906e+01  3.7005e+07  1.7723e+07  2.7544e+05
  9.4006e+01  3.7163e+07  1.7797e+07  2.7661e+05
  9.4106e+01  3.7322e+07  1.7872e+07  2.7778e+05
  9.4206e+01  3.7481e+07  1.7947e+07  2.7895e+05
  9.4306e+01  3.7641e+07  1.8022e+07  2.8013e+05
  9.4406e+01  3.7801e+07  1.8097e+07  2.8131e+05
  9.4505e+01  3.7962e+07  1.8173e+07  2.8249e+05
  9.4605e+01  3.8123e+07  1.8249e+07  2.8368e+05
  9.4705e+01  3.8285e+07  1.8325e+07  2.8488e+05
  9.4805e+01  3.8448e+07  1.8401e+07  2.8607e+05
  9.4905e+01  3.8610e+07  1.8478e+07  2.8727e+05
  9.5005e+01  3.8774e+07  1.8554e+07  2.8847e+05
  9.5105e+01  3.8938e+07  1.8632e+07  2.8968e+05
  9.5205e+01  3.9102e+07  1.8709e+07  2.9089e+05
  9.5305e+01  3.9267e+07  1.8786e+07  2.9211e+05
  9.5405e+01  3.9432e+07  1.8864e+07  2.9333e+05
  9.5504e+01  3.9598e+07  1.8942e+07  2.9455e+05
  9.5604e+01  3.9765e+07  1.9020e+07  2.9578e+05
  9.5704e+01  3.9932e+07  1.9099e+07  2.9701e+05
  9.5804e+01  4.0099e+07  1.9178e+07  2.9824e+05
  9.5904e+01  4.0268e+07  1.9257e+07  2.9948e+05
  9.6004e+01  4.0436e+07  1.9336e+07  3.0072e+05
  9.6104e+01  4.0605e+07  1.9415e+07  3.0197e+05
  9.6204e+01  4.0775e+07  1.9495e+07  3.0322e+05
  9.6304e+01  4.0945e+07  1.9575e+07  3.0447e+05
  9.6404e+01  4.1116e+07  1.9655e+07  3.0573e+05
  9.6503e+01  4.1287e+07  1.9736e+07  3.0699e+05
  9.6603e+01  4.1459e+07  1.9816e+07  3.0825e+05
  9.6703e+01  4.1631e+07  1.9897e+07  3.0952e+05
  9.6803e+01  4.1804e+07  1.9978e+07  3.1079e+05
  9.6903e+01  4.1977e+07  2.0060e+07  3.1207e+05
  9.7003e+01  4.2151e+07  2.0141e+07  3.1335e+05
  9.7103e+01  4.2326e+07  2.0223e+07  3.1464e+05
  9.7203e+01  4.2501e+07  2.0306e+07  3.1592e+05
  9.7303e+01  4.2676e+07  2.0388e+07  3.1722e+05
  9.7403e+01  4.2852e+07  2.0471e+07  3.1851e+05
  9.7502e+01  4.3029e+07  2.0554e+07  3.1981e+05
  9.7602e+01  4.3206e+07  2.0637e+07  3.2112e+05
  9.7702e+01  4.3384e+07  2.0720e+07  3.2243e+05
  9.7802e+01  4.3562e+07  2.0804e+07  3.2374e+05
  9.7902e+01  4.3741e+07  2.0888e+07  3.2506e+05
  9.8002e+01  4.3921e+07  2.0972e+07  3.2638e+05
  9.8102e+01  4.4100e+07  2.1057e+07  3.2770e+05
  9.8202e+01  4.4281e+07  2.1141e+07  3.2903e+05
  9.8302e+01  4.4462e+07  2.1226e+07  3.3036e+05
  9.8402e+01  4.4644e+07  2.1311e+07  3.3170e+05
  9.8501e+01  4.4826e+07  2.1397e+07  3.3304e+05
  9.8601e+01  4.5008e+07  2.1483e+07  3.3438e+05
  9.8701e+01  4.5192e+07  2.1569e+07  3.3573e+05
  9.8801e+01  4.5376e+07  2.1655e+07  3.3708e+05
  9.8901e+01  4.5560e+07  2.1741e+07  3.3844e+05
  9.9001e+01  4.5745e+07  2.1828e+07  3.3980e+05
  9.9101e+01  4.5930e+07  2.1915e+07  3.4117e+05
  9.9201e+01  4.6116e+07  2.2002e+07  3.4254e+05
  9.9301e+01  4.6303e+07  2.2090e+07  3.4391e+05
  9.9401e+01  4.6490e+07  2.2178e+07  3.4529e+05
  9.9500e+01  4.6678e+07  2.2266e+07  3.4667e+05
  9.9600e+01  4.6866e+07  2.2354e+07  3.4805e+05
  9.9700e+01  4.7055e+07  2.2443e+07  3.4944e+05
  9.9800e+01  4.7245e+07  2.2532e+07  3.5084e+05
  9.9900e+01  4.7435e+07  2.2621e+07  3.5223e+05
  1.0000e+02  4.7625e+07  2.2710e+07  3.5364e+05
