  0.0000e+00  7.8682e-01  2.5048e-01  7.1067e-01  2.5132e-01  2.2712e-02  5.2064e-01
  9.9900e-02 -1.2048e+01 -2.8862e+03 -1.0289e+04 -6.1399e+01  2.6900e+03  5.8404e+03
  1.9980e-01 -1.1139e+03 -6.0956e+03 -3.6468e+04  7.1418e+02  5.2888e+03  1.0007e+04
  2.9970e-01 -3.4661e+03 -9.4362e+03 -1.4676e+05  2.3026e+03  7.5818e+03  1.3233e+04
  3.9960e-01 -7.2802e+03 -1.2691e+04 -2.2971e+06  4.6527e+03  9.3522e+03  1.5865e+04
  4.9950e-01 -1.2842e+04 -1.5601e+04  1.2349e+06  7.6814e+03  1.0381e+04  1.8071e+04
  5.9940e-01 -2.0563e+04 -1.7841e+04  1.9664e+05  1.1276e+04  1.0449e+04  1.9932e+04
  6.9930e-01 -3.1066e+04 -1.8977e+04  7.7325e+04  1.5293e+04  9.3329e+03  2.1481e+04
  7.9920e-01 -4.5310e+04 -1.8399e+04  3.8294e+04  1.9564e+04  6.8110e+03  2.2725e+04
  8.9910e-01 -6.4817e+04 -1.5201e+04  1.9878e+04  2.3888e+04  2.6596e+03  2.3655e+04
  9.9900e-01 -9.2056e+04 -7.9657e+03  9.4524e+03  2.8042e+04 -3.3446e+03  2.4253e+04
  1.0989e+00 -1.3114e+05  5.6429e+03  2.9684e+03  3.1776e+04 -1.1425e+04  2.4495e+04
  1.1988e+00 -1.8918e+05  2.9690e+04 -1.2033e+03  3.4817e+04 -2.1802e+04  2.4354e+04
  1.2987e+00 -2.7905e+05  7.1677e+04 -3.8191e+03  3.6873e+04 -3.4696e+04  2.3802e+04
  1.3986e+00 -4.2549e+05  1.4646e+05 -5.2629e+03  3.7630e+04 -5.0322e+04  2.2805e+04
  1.4985e+00 -6.8023e+05  2.8613e+05 -5.7406e+03  3.6764e+04 -6.8890e+04  2.1333e+04
  1.5984e+00 -1.1645e+06  5.6862e+05 -5.3644e+03  3.3935e+04 -9.0604e+04  1.9353e+04
  1.6983e+00 -2.2136e+06  1.2177e+06 -4.1944e+03  2.8801e+04 -1.1566e+05  1.6830e+04
  1.7982e+00 -5.0386e+06  3.0709e+06 -2.2593e+03  2.1021e+04 -1.4423e+05  1.3732e+04
  1.8981e+00 -1.6852e+07  1.1300e+07  4.3137e+02  1.0260e+04 -1.7650e+05  1.0024e+04
  1.9980e+00 -2.5189e+08  1.8593e+08  3.8807e+03 -3.7931e+03 -2.1259e+05  5.6726e+03
  2.0979e+00  1.0034e+08 -8.1368e+07  8.1002e+03 -2.1420e+04 -2.5264e+05  6.4339e+02
  2.1978e+00  1.6443e+07 -1.4193e+07  1.3107e+04 -4.2848e+04 -2.9672e+05 -5.0978e+03
  2.2977e+00  7.0404e+06 -6.2392e+06  1.8923e+04 -6.8234e+04 -3.4487e+05 -1.1585e+04
  2.3976e+00  4.1745e+06 -3.6535e+06  2.5571e+04 -9.7629e+04 -3.9708e+05 -1.8853e+04
  2.4975e+00  2.9428e+06 -2.4381e+06  3.3078e+04 -1.3094e+05 -4.5324e+05 -2.6937e+04
  2.5974e+00  2.3204e+06 -1.7374e+06  4.1473e+04 -1.6788e+05 -5.1316e+05 -3.5869e+04
  2.6973e+00  1.9833e+06 -1.2748e+06  5.0783e+04 -2.0788e+05 -5.7652e+05 -4.5685e+04
  2.7972e+00  1.8020e+06 -9.3692e+05  6.1040e+04 -2.5000e+05 -6.4282e+05 -5.6419e+04
  2.8971e+00  1.7167e+06 -6.7003e+05  7.2275e+04 -2.9280e+05 -7.1131e+05 -6.8105e+04
  2.9970e+00  1.6968e+06 -4.4543e+05  8.4517e+04 -3.3410e+05 -7.8093e+05 -8.0778e+04
  3.0969e+00  1.7255e+06 -2.4659e+05  9.7800e+04 -3.7072e+05 -8.5019e+05 -9.4472e+04
  3.1968e+00  1.7928e+06 -6.3266e+04  1.1216e+05 -3.9805e+05 -9.1696e+05 -1.0922e+05
  3.2967e+00  1.8932e+06  1.1123e+05  1.2762e+05 -4.0937e+05 -9.7819e+05 -1.2506e+05
  3.3966e+00  2.0232e+06  2.8149e+05  1.4421e+05 -3.9490e+05 -1.0296e+06 -1.4202e+05
  3.4965e+00  2.1809e+06  4.5079e+05  1.6198e+05 -3.4022e+05 -1.0648e+06 -1.6014e+05
  3.5964e+00  2.3652e+06  6.2157e+05  1.8096e+05 -2.2366e+05 -1.0745e+06 -1.7945e+05
  3.6963e+00  2.5758e+06  7.9573e+05  2.0116e+05 -1.2043e+04 -1.0447e+06 -1.9999e+05
  3.7962e+00  2.8128e+06  9.7477e+05  2.2264e+05  3.4696e+05 -9.5329e+05 -2.2179e+05
  3.8961e+00  3.0765e+06  1.1599e+06  2.4543e+05  9.3886e+05 -7.6479e+05 -2.4489e+05
  3.9960e+00  3.3676e+06  1.3522e+06  2.6955e+05  1.9098e+06 -4.1894e+05 -2.6931e+05
  4.0959e+00  3.6868e+06  1.5526e+06  2.9504e+05  3.5243e+06  1.9224e+05 -2.9510e+05
  4.1958e+00  4.0352e+06  1.7619e+06  3.2194e+05  6.2972e+06  1.2774e+06 -3.2229e+05
  4.2957e+00  4.4138e+06  1.9808e+06  3.5027e+05  1.1334e+07  3.2810e+06 -3.5091e+05
  4.3956e+00  4.8237e+06  2.2100e+06  3.8008e+05  2.1353e+07  7.2877e+06 -3.8099e+05
  4.4955e+00  5.2661e+06  2.4501e+06  4.1140e+05  4.4530e+07  1.6537e+07 -4.1258e+05
  4.5954e+00  5.7425e+06  2.7018e+06  4.4425e+05  1.1533e+08  4.4586e+07 -4.4570e+05
  4.6953e+00  6.2542e+06  2.9656e+06  4.7867e+05  5.3446e+08  2.0883e+08 -4.8039e+05
  4.7952e+00  6.8025e+06  3.2420e+06  5.1471e+05 -2.6200e+11 -1.0103e+11 -5.1668e+05
  4.8951e+00  7.3891e+06  3.5316e+06  5.5239e+05 -5.2118e+08 -1.9892e+08 -5.5461e+05
  4.9950e+00  8.0154e+06  3.8351e+06  5.9174e+05 -1.5047e+08 -5.8173e+07 -5.9421e+05
  5.0949e+00  8.6830e+06  4.1527e+06  6.3280e+05 -7.6710e+07 -3.0583e+07 -6.3551e+05
  5.1948e+00  9.3936e+06  4.4852e+06  6.7560e+05 -5.0102e+07 -2.0813e+07 -6.7856e+05
  5.2947e+00  1.0149e+07  4.8331e+06  7.2018e+05 -3.7717e+07 -1.6379e+07 -7.2338e+05
  5.3946e+00  1.0950e+07  5.1967e+06  7.6658e+05 -3.1133e+07 -1.4107e+07 -7.7001e+05
  5.4945e+00  1.1800e+07  5.5768e+06  8.1481e+05 -2.7387e+07 -1.2887e+07 -8.1848e+05
  5.5944e+00  1.2699e+07  5.9737e+06  8.6493e+05 -2.5213e+07 -1.2245e+07 -8.6883e+05
  5.6943e+00  1.3651e+07  6.3880e+06  9.1696e+05 -2.3996e+07 -1.1953e+07 -9.2109e+05
  5.7942e+00  1.4655e+07  6.8203e+06  9.7094e+05 -2.3406e+07 -1.1890e+07 -9.7529e+05
  5.8941e+00  1.5715e+07  7.2710e+06  1.0269e+06 -2.3255e+07 -1.1985e+07 -1.0315e+06
  5.9940e+00  1.6833e+07  7.7407e+06  1.0849e+06 -2.3427e+07 -1.2198e+07 -1.0897e+06
  6.0939e+00  1.8010e+07  8.2299e+06  1.1449e+06 -2.3848e+07 -1.2499e+07 -1.1499e+06
  6.1938e+00  1.9249e+07  8.7392e+06  1.2070e+06 -2.4472e+07 -1.2873e+07 -1.2122e+06
  6.2937e+00  2.0551e+07  9.2691e+06  1.2712e+06 -2.5265e+07 -1.3307e+07 -1.2767e+06
  6.3936e+00  2.1918e+07  9.8201e+06  1.3376e+06 -2.6206e+07 -1.3793e+07 -1.3433e+06
  6.4935e+00  2.3353e+07  1.0393e+07  1.4062e+06 -2.7279e+07 -1.4325e+07 -1.4121e+06
  6.5934e+00  2.4858e+07  1.0988e+07  1.4770e+06 -2.8473e+07 -1.4899e+07 -1.4830e+06
  6.6933e+00  2.6435e+07  1.1605e+07  1.5500e+06 -2.9780e+07 -1.5512e+07 -1.5563e+06
  6.7932e+00  2.8086e+07  1.2247e+07  1.6253e+06 -3.1195e+07 -1.6163e+07 -1.6318e+06
  6.8931e+00  2.9814e+07  1.2912e+07  1.7030e+06 -3.2715e+07 -1.6849e+07 -1.7097e+06
  6.9930e+00  3.1621e+07  1.3601e+07  1.7830e+06 -3.4337e+07 -1.7569e+07 -1.7899e+06
  7.0929e+00  3.3508e+07  1.4316e+07  1.8654e+06 -3.6059e+07 -1.8323e+07 -1.8725e+06
  7.1928e+00  3.5479e+07  1.5056e+07  1.9502e+06 -3.7882e+07 -1.9110e+07 -1.9575e+06
  7.2927e+00  3.7536e+07  1.5823e+07  2.0375e+06 -3.9805e+07 -1.9930e+07 -2.0450e+06
  7.3926e+00  3.9682e+07  1.6616e+07  2.1273e+06 -4.1829e+07 -2.0783e+07 -2.1350e+06
  7.4925e+00  4.1918e+07  1.7437e+07  2.2196e+06 -4.3954e+07 -2.1669e+07 -2.2275e+06
  7.5924e+00  4.4247e+07  1.8286e+07  2.3144e+06 -4.6181e+07 -2.2588e+07 -2.3225e+06
  7.6923e+00  4.6673e+07  1.9164e+07  2.4119e+06 -4.8512e+07 -2.3540e+07 -2.4202e+06
  7.7922e+00  4.9196e+07  2.0071e+07  2.5120e+06 -5.0949e+07 -2.4526e+07 -2.5204e+06
  7.8921e+00  5.1821e+07  2.1008e+07  2.6147e+06 -5.3494e+07 -2.5546e+07 -2.6234e+06
  7.9920e+00  5.4549e+07  2.1975e+07  2.7201e+06 -5.6147e+07 -2.6600e+07 -2.7290e+06
  8.0919e+00  5.7384e+07  2.2974e+07  2.8283e+06 -5.8912e+07 -2.7688e+07 -2.8374e+06
  8.1918e+00  6.0328e+07  2.4004e+07  2.9393e+06 -6.1790e+07 -2.8812e+07 -2.9485e+06
  8.2917e+00  6.3383e+07  2.5067e+07  3.0530e+06 -6.4785e+07 -2.9971e+07 -3.0625e+06
  8.3916e+00  6.6553e+07  2.6163e+07  3.1696e+06 -6.7897e+07 -3.1167e+07 -3.1792e+06
  8.4915e+00  6.9840e+07  2.7293e+07  3.2890e+06 -7.1130e+07 -3.2399e+07 -3.2989e+06
  8.5914e+00  7.3248e+07  2.8457e+07  3.4114e+06 -7.4486e+07 -3.3669e+07 -3.4214e+06
  8.6913e+00  7.6778e+07  2.9657e+07  3.5367e+06 -7.7968e+07 -3.4976e+07 -3.5469e+06
  8.7912e+00  8.0435e+07  3.0892e+07  3.6649e+06 -8.1578e+07 -3.6322e+07 -3.6753e+06
  8.8911e+00  8.4221e+07  3.2164e+07  3.7962e+06 -8.5319e+07 -3.7706e+07 -3.8068e+06
  8.9910e+00  8.8138e+07  3.3473e+07  3.9305e+06 -8.9195e+07 -3.9131e+07 -3.9412e+06
  9.0909e+00  9.2191e+07  3.4820e+07  4.0678e+06 -9.3207e+07 -4.0595e+07 -4.0788e+06
  9.1908e+00  9.6381e+07  3.6205e+07  4.2083e+06 -9.7359e+07 -4.2101e+07 -4.2194e+06
  9.2907e+00  1.0071e+08  3.7630e+07  4.3519e+06 -1.0165e+08 -4.3648e+07 -4.3633e+06
  9.3906e+00  1.0519e+08  3.9095e+07  4.4987e+06 -1.0609e+08 -4.5237e+07 -4.5102e+06
  9.4905e+00  1.0981e+08  4.0600e+07  4.6487e+06 -1.1068e+08 -4.6869e+07 -4.6604e+06
  9.5904e+00  1.1458e+08  4.2147e+07  4.8020e+06 -1.1542e+08 -4.8545e+07 -4.8138e+06
  9.6903e+00  1.1951e+08  4.3736e+07  4.9585e+06 -1.2032e+08 -5.0265e+07 -4.9705e+06
  9.7902e+00  1.2460e+08  4.5368e+07  5.1183e+06 -1.2537e+08 -5.2030e+07 -5.1306e+06
  9.8901e+00  1.2984e+08  4.7044e+07  5.2815e+06 -1.3059e+08 -5.3841e+07 -5.2939e+06
  9.9900e+00  1.3525e+08  4.8764e+07  5.4481e+06 -1.3597e+08 -5.5699e+07 -5.4607e+06
  1.0090e+01  1.4082e+08  5.0529e+07  5.6181e+06 -1.4151e+08 -5.7603e+07 -5.6308e+06
  1.0190e+01  1.4657e+08  5.2340e+07  5.7915e+06 -1.4723e+08 -5.9555e+07 -5.8044e+06
  1.0290e+01  1.5249e+08  5.4198e+07  5.9684e+06 -1.5313e+08 -6.1556e+07 -5.9815e+06
  1.0390e+01  1.5859e+08  5.6103e+07  6.1488e+06 -1.5920e+08 -6.3607e+07 -6.1621e+06
  1.0490e+01  1.6486e+08  5.8057e+07  6.3328e+06 -1.6545e+08 -6.5708e+07 -6.3463e+06
  1.0589e+01  1.7132e+08  6.0060e+07  6.5204e+06 -1.7189e+08 -6.7859e+07 -6.5340e+06
  1.0689e+01  1.7797e+08  6.2112e+07  6.7115e+06 -1.7851e+08 -7.0062e+07 -6.7253e+06
  1.0789e+01  1.8481e+08  6.4215e+07  6.9064e+06 -1.8533e+08 -7.2318e+07 -6.9203e+06
  1.0889e+01  1.9185e+08  6.6370e+07  7.1049e+06 -1.9234e+08 -7.4627e+07 -7.1190e+06
  1.0989e+01  1.9908e+08  6.8576e+07  7.3071e+06 -1.9956e+08 -7.6990e+07 -7.3215e+06
  1.1089e+01  2.0652e+08  7.0836e+07  7.5131e+06 -2.0697e+08 -7.9408e+07 -7.5276e+06
  1.1189e+01  2.1416e+08  7.3150e+07  7.7229e+06 -2.1459e+08 -8.1882e+07 -7.7376e+06
  1.1289e+01  2.2202e+08  7.5518e+07  7.9365e+06 -2.2243e+08 -8.4412e+07 -7.9514e+06
  1.1389e+01  2.3008e+08  7.7942e+07  8.1540e+06 -2.3047e+08 -8.7000e+07 -8.1690e+06
  1.1489e+01  2.3837e+08  8.0422e+07  8.3754e+06 -2.3874e+08 -8.9645e+07 -8.3905e+06
  1.1588e+01  2.4687e+08  8.2960e+07  8.6006e+06 -2.4722e+08 -9.2350e+07 -8.6160e+06
  1.1688e+01  2.5560e+08  8.5555e+07  8.8299e+06 -2.5593e+08 -9.5114e+07 -8.8454e+06
  1.1788e+01  2.6456e+08  8.8210e+07  9.0631e+06 -2.6488e+08 -9.7940e+07 -9.0788e+06
  1.1888e+01  2.7376e+08  9.0924e+07  9.3004e+06 -2.7405e+08 -1.0083e+08 -9.3163e+06
  1.1988e+01  2.8319e+08  9.3699e+07  9.5417e+06 -2.8346e+08 -1.0378e+08 -9.5578e+06
  1.2088e+01  2.9286e+08  9.6536e+07  9.7872e+06 -2.9312e+08 -1.0679e+08 -9.8034e+06
  1.2188e+01  3.0278e+08  9.9435e+07  1.0037e+07 -3.0302e+08 -1.0986e+08 -1.0053e+07
  1.2288e+01  3.1294e+08  1.0240e+08  1.0290e+07 -3.1317e+08 -1.1301e+08 -1.0307e+07
  1.2388e+01  3.2336e+08  1.0542e+08  1.0548e+07 -3.2357e+08 -1.1621e+08 -1.0565e+07
  1.2488e+01  3.3404e+08  1.0851e+08  1.0811e+07 -3.3423e+08 -1.1949e+08 -1.0827e+07
  1.2587e+01  3.4498e+08  1.1167e+08  1.1077e+07 -3.4515e+08 -1.2283e+08 -1.1094e+07
  1.2687e+01  3.5619e+08  1.1490e+08  1.1348e+07 -3.5634e+08 -1.2624e+08 -1.1365e+07
  1.2787e+01  3.6766e+08  1.1819e+08  1.1623e+07 -3.6780e+08 -1.2972e+08 -1.1640e+07
  1.2887e+01  3.7941e+08  1.2155e+08  1.1902e+07 -3.7954e+08 -1.3327e+08 -1.1920e+07
  1.2987e+01  3.9144e+08  1.2498e+08  1.2186e+07 -3.9155e+08 -1.3689e+08 -1.2204e+07
  1.3087e+01  4.0376e+08  1.2848e+08  1.2474e+07 -4.0385e+08 -1.4058e+08 -1.2492e+07
  1.3187e+01  4.1636e+08  1.3206e+08  1.2767e+07 -4.1644e+08 -1.4435e+08 -1.2785e+07
  1.3287e+01  4.2925e+08  1.3570e+08  1.3064e+07 -4.2931e+08 -1.4819e+08 -1.3082e+07
  1.3387e+01  4.4244e+08  1.3942e+08  1.3366e+07 -4.4249e+08 -1.5211e+08 -1.3384e+07
  1.3487e+01  4.5594e+08  1.4322e+08  1.3672e+07 -4.5597e+08 -1.5610e+08 -1.3691e+07
  1.3586e+01  4.6973e+08  1.4708e+08  1.3983e+07 -4.6975e+08 -1.6017e+08 -1.4002e+07
  1.3686e+01  4.8384e+08  1.5103e+08  1.4299e+07 -4.8384e+08 -1.6432e+08 -1.4318e+07
  1.3786e+01  4.9826e+08  1.5505e+08  1.4619e+07 -4.9825e+08 -1.6854e+08 -1.4638e+07
  1.3886e+01  5.1301e+08  1.5915e+08  1.4944e+07 -5.1298e+08 -1.7285e+08 -1.4964e+07
  1.3986e+01  5.2807e+08  1.6333e+08  1.5274e+07 -5.2803e+08 -1.7724e+08 -1.5293e+07
  1.4086e+01  5.4347e+08  1.6760e+08  1.5609e+07 -5.4342e+08 -1.8171e+08 -1.5628e+07
  1.4186e+01  5.5920e+08  1.7194e+08  1.5948e+07 -5.5913e+08 -1.8626e+08 -1.5968e+07
  1.4286e+01  5.7527e+08  1.7636e+08  1.6292e+07 -5.7519e+08 -1.9089e+08 -1.6312e+07
  1.4386e+01  5.9168e+08  1.8087e+08  1.6641e+07 -5.9159e+08 -1.9561e+08 -1.6661e+07
  1.4486e+01  6.0844e+08  1.8546e+08  1.6995e+07 -6.0833e+08 -2.0042e+08 -1.7015e+07
  1.4585e+01  6.2556e+08  1.9014e+08  1.7354e+07 -6.2543e+08 -2.0532e+08 -1.7375e+07
  1.4685e+01  6.4303e+08  1.9491e+08  1.7718e+07 -6.4289e+08 -2.1030e+08 -1.7739e+07
  1.4785e+01  6.6087e+08  1.9976e+08  1.8087e+07 -6.6071e+08 -2.1537e+08 -1.8108e+07
  1.4885e+01  6.7907e+08  2.0470e+08  1.8461e+07 -6.7890e+08 -2.2053e+08 -1.8482e+07
  1.4985e+01  6.9765e+08  2.0973e+08  1.8840e+07 -6.9747e+08 -2.2578e+08 -1.8861e+07
  1.5085e+01  7.1660e+08  2.1485e+08  1.9224e+07 -7.1641e+08 -2.3112e+08 -1.9246e+07
  1.5185e+01  7.3594e+08  2.2006e+08  1.9614e+07 -7.3573e+08 -2.3656e+08 -1.9635e+07
  1.5285e+01  7.5566e+08  2.2537e+08  2.0008e+07 -7.5545e+08 -2.4209e+08 -2.0030e+07
  1.5385e+01  7.7578e+08  2.3077e+08  2.0408e+07 -7.7555e+08 -2.4772e+08 -2.0430e+07
  1.5485e+01  7.9630e+08  2.3626e+08  2.0813e+07 -7.9606e+08 -2.5344e+08 -2.0835e+07
  1.5584e+01  8.1722e+08  2.4185e+08  2.1223e+07 -8.1697e+08 -2.5926e+08 -2.1245e+07
  1.5684e+01  8.3856e+08  2.4754e+08  2.1639e+07 -8.3829e+08 -2.6518e+08 -2.1661e+07
  1.5784e+01  8.6030e+08  2.5333e+08  2.2060e+07 -8.6002e+08 -2.7120e+08 -2.2082e+07
  1.5884e+01  8.8247e+08  2.5921e+08  2.2487e+07 -8.8218e+08 -2.7732e+08 -2.2509e+07
  1.5984e+01  9.0506e+08  2.6520e+08  2.2918e+07 -9.0476e+08 -2.8354e+08 -2.2941e+07
  1.6084e+01  9.2808e+08  2.7129e+08  2.3356e+07 -9.2776e+08 -2.8987e+08 -2.3378e+07
  1.6184e+01  9.5154e+08  2.7748e+08  2.3798e+07 -9.5121e+08 -2.9629e+08 -2.3821e+07
  1.6284e+01  9.7544e+08  2.8377e+08  2.4247e+07 -9.7510e+08 -3.0283e+08 -2.4270e+07
  1.6384e+01  9.9978e+08  2.9017e+08  2.4701e+07 -9.9943e+08 -3.0947e+08 -2.4724e+07
  1.6484e+01  1.0246e+09  2.9667e+08  2.5160e+07 -1.0242e+09 -3.1622e+08 -2.5183e+07
  1.6583e+01  1.0498e+09  3.0329e+08  2.5625e+07 -1.0495e+09 -3.2307e+08 -2.5649e+07
  1.6683e+01  1.0756e+09  3.1001e+08  2.6096e+07 -1.0752e+09 -3.3004e+08 -2.6120e+07
  1.6783e+01  1.1017e+09  3.1684e+08  2.6573e+07 -1.1014e+09 -3.3712e+08 -2.6596e+07
  1.6883e+01  1.1284e+09  3.2378e+08  2.7055e+07 -1.1280e+09 -3.4431e+08 -2.7079e+07
  1.6983e+01  1.1556e+09  3.3083e+08  2.7543e+07 -1.1551e+09 -3.5161e+08 -2.7567e+07
  1.7083e+01  1.1832e+09  3.3800e+08  2.8037e+07 -1.1828e+09 -3.5903e+08 -2.8061e+07
  1.7183e+01  1.2113e+09  3.4528e+08  2.8536e+07 -1.2109e+09 -3.6656e+08 -2.8561e+07
  1.7283e+01  1.2399e+09  3.5268e+08  2.9042e+07 -1.2395e+09 -3.7421e+08 -2.9066e+07
  1.7383e+01  1.2691e+09  3.6019e+08  2.9553e+07 -1.2686e+09 -3.8198e+08 -2.9578e+07
  1.7483e+01  1.2987e+09  3.6782e+08  3.0071e+07 -1.2982e+09 -3.8986e+08 -3.0095e+07
  1.7582e+01  1.3289e+09  3.7557e+08  3.0594e+07 -1.3284e+09 -3.9787e+08 -3.0619e+07
  1.7682e+01  1.3595e+09  3.8344e+08  3.1123e+07 -1.3590e+09 -4.0600e+08 -3.1148e+07
  1.7782e+01  1.3907e+09  3.9144e+08  3.1659e+07 -1.3902e+09 -4.1425e+08 -3.1684e+07
  1.7882e+01  1.4225e+09  3.9955e+08  3.2200e+07 -1.4219e+09 -4.2263e+08 -3.2225e+07
  1.7982e+01  1.4547e+09  4.0779e+08  3.2748e+07 -1.4542e+09 -4.3113e+08 -3.2773e+07
  1.8082e+01  1.4876e+09  4.1615e+08  3.3301e+07 -1.4870e+09 -4.3976e+08 -3.3327e+07
  1.8182e+01  1.5209e+09  4.2465e+08  3.3861e+07 -1.5204e+09 -4.4851e+08 -3.3887e+07
  1.8282e+01  1.5549e+09  4.3326e+08  3.4427e+07 -1.5543e+09 -4.5740e+08 -3.4453e+07
  1.8382e+01  1.5893e+09  4.4201e+08  3.5000e+07 -1.5888e+09 -4.6642e+08 -3.5026e+07
  1.8482e+01  1.6244e+09  4.5089e+08  3.5578e+07 -1.6238e+09 -4.7556e+08 -3.5605e+07
  1.8581e+01  1.6600e+09  4.5990e+08  3.6163e+07 -1.6594e+09 -4.8484e+08 -3.6190e+07
  1.8681e+01  1.6963e+09  4.6904e+08  3.6755e+07 -1.6957e+09 -4.9426e+08 -3.6781e+07
  1.8781e+01  1.7331e+09  4.7832e+08  3.7352e+07 -1.7325e+09 -5.0381e+08 -3.7379e+07
  1.8881e+01  1.7705e+09  4.8773e+08  3.7956e+07 -1.7699e+09 -5.1349e+08 -3.7983e+07
  1.8981e+01  1.8085e+09  4.9728e+08  3.8567e+07 -1.8079e+09 -5.2332e+08 -3.8594e+07
  1.9081e+01  1.8471e+09  5.0697e+08  3.9184e+07 -1.8465e+09 -5.3328e+08 -3.9211e+07
  1.9181e+01  1.8864e+09  5.1680e+08  3.9808e+07 -1.8857e+09 -5.4338e+08 -3.9835e+07
  1.9281e+01  1.9262e+09  5.2676e+08  4.0438e+07 -1.9255e+09 -5.5363e+08 -4.0465e+07
  1.9381e+01  1.9667e+09  5.3687e+08  4.1074e+07 -1.9660e+09 -5.6402e+08 -4.1102e+07
  1.9481e+01  2.0078e+09  5.4712e+08  4.1718e+07 -2.0071e+09 -5.7455e+08 -4.1745e+07
  1.9580e+01  2.0496e+09  5.5752e+08  4.2368e+07 -2.0488e+09 -5.8523e+08 -4.2396e+07
  1.9680e+01  2.0920e+09  5.6807e+08  4.3024e+07 -2.0912e+09 -5.9606e+08 -4.3052e+07
  1.9780e+01  2.1350e+09  5.7876e+08  4.3688e+07 -2.1343e+09 -6.0703e+08 -4.3716e+07
  1.9880e+01  2.1787e+09  5.8960e+08  4.4358e+07 -2.1780e+09 -6.1816e+08 -4.4386e+07
  1.9980e+01  2.2231e+09  6.0059e+08  4.5035e+07 -2.2224e+09 -6.2943e+08 -4.5063e+07
  2.0080e+01  2.2682e+09  6.1173e+08  4.5719e+07 -2.2674e+09 -6.4086e+08 -4.5747e+07
  2.0180e+01  2.3139e+09  6.2302e+08  4.6409e+07 -2.3132e+09 -6.5244e+08 -4.6438e+07
  2.0280e+01  2.3604e+09  6.3447e+08  4.7107e+07 -2.3596e+09 -6.6418e+08 -4.7136e+07
  2.0380e+01  2.4075e+09  6.4607e+08  4.7811e+07 -2.4067e+09 -6.7608e+08 -4.7840e+07
  2.0480e+01  2.4553e+09  6.5783e+08  4.8523e+07 -2.4545e+09 -6.8813e+08 -4.8552e+07
  2.0579e+01  2.5039e+09  6.6975e+08  4.9241e+07 -2.5030e+09 -7.0034e+08 -4.9271e+07
  2.0679e+01  2.5531e+09  6.8183e+08  4.9967e+07 -2.5523e+09 -7.1272e+08 -4.9996e+07
  2.0779e+01  2.6031e+09  6.9407e+08  5.0699e+07 -2.6022e+09 -7.2525e+08 -5.0729e+07
  2.0879e+01  2.6538e+09  7.0647e+08  5.1439e+07 -2.6529e+09 -7.3795e+08 -5.1469e+07
  2.0979e+01  2.7052e+09  7.1904e+08  5.2186e+07 -2.7044e+09 -7.5081e+08 -5.2216e+07
  2.1079e+01  2.7574e+09  7.3177e+08  5.2940e+07 -2.7565e+09 -7.6384e+08 -5.2970e+07
  2.1179e+01  2.8103e+09  7.4467e+08  5.3701e+07 -2.8095e+09 -7.7704e+08 -5.3731e+07
  2.1279e+01  2.8640e+09  7.5774e+08  5.4469e+07 -2.8631e+09 -7.9041e+08 -5.4500e+07
  2.1379e+01  2.9185e+09  7.7097e+08  5.5245e+07 -2.9176e+09 -8.0395e+08 -5.5275e+07
  2.1479e+01  2.9737e+09  7.8438e+08  5.6028e+07 -2.9728e+09 -8.1766e+08 -5.6058e+07
  2.1578e+01  3.0297e+09  7.9796e+08  5.6818e+07 -3.0288e+09 -8.3155e+08 -5.6849e+07
  2.1678e+01  3.0865e+09  8.1171e+08  5.7616e+07 -3.0856e+09 -8.4561e+08 -5.7647e+07
  2.1778e+01  3.1441e+09  8.2564e+08  5.8421e+07 -3.1432e+09 -8.5984e+08 -5.8452e+07
  2.1878e+01  3.2025e+09  8.3975e+08  5.9233e+07 -3.2016e+09 -8.7426e+08 -5.9265e+07
  2.1978e+01  3.2617e+09  8.5404e+08  6.0053e+07 -3.2608e+09 -8.8885e+08 -6.0085e+07
  2.2078e+01  3.3217e+09  8.6850e+08  6.0881e+07 -3.3208e+09 -9.0363e+08 -6.0912e+07
  2.2178e+01  3.3826e+09  8.8315e+08  6.1716e+07 -3.3816e+09 -9.1859e+08 -6.1748e+07
  2.2278e+01  3.4443e+09  8.9798e+08  6.2559e+07 -3.4433e+09 -9.3373e+08 -6.2590e+07
  2.2378e+01  3.5068e+09  9.1299e+08  6.3409e+07 -3.5058e+09 -9.4906e+08 -6.3441e+07
  2.2478e+01  3.5701e+09  9.2820e+08  6.4267e+07 -3.5691e+09 -9.6457e+08 -6.4299e+07
  2.2577e+01  3.6344e+09  9.4358e+08  6.5132e+07 -3.6333e+09 -9.8027e+08 -6.5164e+07
  2.2677e+01  3.6994e+09  9.5916e+08  6.6006e+07 -3.6984e+09 -9.9617e+08 -6.6038e+07
  2.2777e+01  3.7654e+09  9.7493e+08  6.6887e+07 -3.7643e+09 -1.0123e+09 -6.6919e+07
  2.2877e+01  3.8322e+09  9.9089e+08  6.7776e+07 -3.8312e+09 -1.0285e+09 -6.7808e+07
  2.2977e+01  3.8999e+09  1.0070e+09  6.8672e+07 -3.8989e+09 -1.0450e+09 -6.8705e+07
  2.3077e+01  3.9685e+09  1.0234e+09  6.9577e+07 -3.9674e+09 -1.0617e+09 -6.9609e+07
  2.3177e+01  4.0380e+09  1.0399e+09  7.0489e+07 -4.0369e+09 -1.0785e+09 -7.0522e+07
  2.3277e+01  4.1084e+09  1.0567e+09  7.1409e+07 -4.1073e+09 -1.0956e+09 -7.1442e+07
  2.3377e+01  4.1798e+09  1.0736e+09  7.2338e+07 -4.1787e+09 -1.1129e+09 -7.2371e+07
  2.3477e+01  4.2520e+09  1.0908e+09  7.3274e+07 -4.2509e+09 -1.1303e+09 -7.3307e+07
  2.3576e+01  4.3252e+09  1.1081e+09  7.4218e+07 -4.3241e+09 -1.1480e+09 -7.4252e+07
  2.3676e+01  4.3993e+09  1.1257e+09  7.5171e+07 -4.3982e+09 -1.1659e+09 -7.5204e+07
  2.3776e+01  4.4744e+09  1.1434e+09  7.6131e+07 -4.4733e+09 -1.1840e+09 -7.6165e+07
  2.3876e+01  4.5504e+09  1.1614e+09  7.7100e+07 -4.5493e+09 -1.2023e+09 -7.7133e+07
  2.3976e+01  4.6274e+09  1.1796e+09  7.8076e+07 -4.6263e+09 -1.2208e+09 -7.8110e+07
  2.4076e+01  4.7054e+09  1.1980e+09  7.9061e+07 -4.7042e+09 -1.2395e+09 -7.9095e+07
  2.4176e+01  4.7844e+09  1.2166e+09  8.0054e+07 -4.7832e+09 -1.2584e+09 -8.0088e+07
  2.4276e+01  4.8643e+09  1.2354e+09  8.1056e+07 -4.8631e+09 -1.2776e+09 -8.1090e+07
  2.4376e+01  4.9452e+09  1.2544e+09  8.2065e+07 -4.9440e+09 -1.2969e+09 -8.2100e+07
  2.4476e+01  5.0272e+09  1.2737e+09  8.3083e+07 -5.0259e+09 -1.3165e+09 -8.3118e+07
  2.4575e+01  5.1101e+09  1.2931e+09  8.4110e+07 -5.1089e+09 -1.3363e+09 -8.4144e+07
  2.4675e+01  5.1941e+09  1.3128e+09  8.5145e+07 -5.1929e+09 -1.3563e+09 -8.5179e+07
  2.4775e+01  5.2791e+09  1.3327e+09  8.6188e+07 -5.2778e+09 -1.3766e+09 -8.6223e+07
  2.4875e+01  5.3651e+09  1.3528e+09  8.7240e+07 -5.3639e+09 -1.3971e+09 -8.7275e+07
  2.4975e+01  5.4522e+09  1.3732e+09  8.8300e+07 -5.4510e+09 -1.4178e+09 -8.8335e+07
  2.5075e+01  5.5404e+09  1.3938e+09  8.9368e+07 -5.5391e+09 -1.4387e+09 -8.9404e+07
  2.5175e+01  5.6296e+09  1.4146e+09  9.0446e+07 -5.6283e+09 -1.4598e+09 -9.0481e+07
  2.5275e+01  5.7199e+09  1.4357e+09  9.1532e+07 -5.7186e+09 -1.4812e+09 -9.1567e+07
  2.5375e+01  5.8112e+09  1.4569e+09  9.2626e+07 -5.8099e+09 -1.5028e+09 -9.2662e+07
  2.5475e+01  5.9037e+09  1.4785e+09  9.3729e+07 -5.9024e+09 -1.5247e+09 -9.3765e+07
  2.5574e+01  5.9972e+09  1.5002e+09  9.4841e+07 -5.9959e+09 -1.5468e+09 -9.4877e+07
  2.5674e+01  6.0919e+09  1.5222e+09  9.5962e+07 -6.0906e+09 -1.5691e+09 -9.5998e+07
  2.5774e+01  6.1877e+09  1.5444e+09  9.7091e+07 -6.1863e+09 -1.5917e+09 -9.7127e+07
  2.5874e+01  6.2846e+09  1.5669e+09  9.8230e+07 -6.2832e+09 -1.6145e+09 -9.8266e+07
  2.5974e+01  6.3826e+09  1.5896e+09  9.9377e+07 -6.3812e+09 -1.6376e+09 -9.9413e+07
  2.6074e+01  6.4818e+09  1.6125e+09  1.0053e+08 -6.4804e+09 -1.6609e+09 -1.0057e+08
  2.6174e+01  6.5821e+09  1.6357e+09  1.0170e+08 -6.5807e+09 -1.6844e+09 -1.0173e+08
  2.6274e+01  6.6836e+09  1.6592e+09  1.0287e+08 -6.6822e+09 -1.7082e+09 -1.0291e+08
  2.6374e+01  6.7863e+09  1.6829e+09  1.0405e+08 -6.7848e+09 -1.7323e+09 -1.0409e+08
  2.6474e+01  6.8901e+09  1.7068e+09  1.0525e+08 -6.8887e+09 -1.7566e+09 -1.0528e+08
  2.6573e+01  6.9951e+09  1.7310e+09  1.0645e+08 -6.9937e+09 -1.7811e+09 -1.0648e+08
  2.6673e+01  7.1013e+09  1.7555e+09  1.0766e+08 -7.0999e+09 -1.8059e+09 -1.0769e+08
  2.6773e+01  7.2087e+09  1.7802e+09  1.0888e+08 -7.2073e+09 -1.8310e+09 -1.0891e+08
  2.6873e+01  7.3174e+09  1.8052e+09  1.1010e+08 -7.3159e+09 -1.8563e+09 -1.1014e+08
  2.6973e+01  7.4272e+09  1.8304e+09  1.1134e+08 -7.4257e+09 -1.8819e+09 -1.1138e+08
  2.7073e+01  7.5383e+09  1.8559e+09  1.1259e+08 -7.5368e+09 -1.9078e+09 -1.1263e+08
  2.7173e+01  7.6506e+09  1.8817e+09  1.1384e+08 -7.6491e+09 -1.9339e+09 -1.1388e+08
  2.7273e+01  7.7642e+09  1.9077e+09  1.1511e+08 -7.7627e+09 -1.9603e+09 -1.1515e+08
  2.7373e+01  7.8791e+09  1.9340e+09  1.1638e+08 -7.8775e+09 -1.9869e+09 -1.1642e+08
  2.7473e+01  7.9952e+09  1.9606e+09  1.1767e+08 -7.9936e+09 -2.0138e+09 -1.1770e+08
  2.7572e+01  8.1126e+09  1.9874e+09  1.1896e+08 -8.1110e+09 -2.0410e+09 -1.1900e+08
  2.7672e+01  8.2312e+09  2.0145e+09  1.2026e+08 -8.2297e+09 -2.0685e+09 -1.2030e+08
  2.7772e+01  8.3512e+09  2.0419e+09  1.2157e+08 -8.3496e+09 -2.0963e+09 -1.2161e+08
  2.7872e+01  8.4725e+09  2.0695e+09  1.2290e+08 -8.4709e+09 -2.1243e+09 -1.2293e+08
  2.7972e+01  8.5951e+09  2.0975e+09  1.2423e+08 -8.5935e+09 -2.1526e+09 -1.2427e+08
  2.8072e+01  8.7190e+09  2.1257e+09  1.2557e+08 -8.7174e+09 -2.1812e+09 -1.2561e+08
  2.8172e+01  8.8442e+09  2.1542e+09  1.2692e+08 -8.8426e+09 -2.2100e+09 -1.2696e+08
  2.8272e+01  8.9708e+09  2.1830e+09  1.2828e+08 -8.9692e+09 -2.2392e+09 -1.2832e+08
  2.8372e+01  9.0988e+09  2.2120e+09  1.2965e+08 -9.0971e+09 -2.2686e+09 -1.2969e+08
  2.8472e+01  9.2281e+09  2.2414e+09  1.3103e+08 -9.2264e+09 -2.2983e+09 -1.3107e+08
  2.8571e+01  9.3588e+09  2.2710e+09  1.3242e+08 -9.3571e+09 -2.3283e+09 -1.3246e+08
  2.8671e+01  9.4908e+09  2.3010e+09  1.3381e+08 -9.4892e+09 -2.3586e+09 -1.3385e+08
  2.8771e+01  9.6243e+09  2.3312e+09  1.3522e+08 -9.6226e+09 -2.3892e+09 -1.3526e+08
  2.8871e+01  9.7592e+09  2.3617e+09  1.3664e+08 -9.7575e+09 -2.4201e+09 -1.3668e+08
  2.8971e+01  9.8954e+09  2.3926e+09  1.3807e+08 -9.8937e+09 -2.4513e+09 -1.3811e+08
  2.9071e+01  1.0033e+10  2.4237e+09  1.3951e+08 -1.0031e+10 -2.4828e+09 -1.3955e+08
  2.9171e+01  1.0172e+10  2.4551e+09  1.4096e+08 -1.0171e+10 -2.5146e+09 -1.4100e+08
  2.9271e+01  1.0313e+10  2.4868e+09  1.4241e+08 -1.0311e+10 -2.5467e+09 -1.4245e+08
  2.9371e+01  1.0455e+10  2.5189e+09  1.4388e+08 -1.0453e+10 -2.5791e+09 -1.4392e+08
  2.9471e+01  1.0598e+10  2.5512e+09  1.4536e+08 -1.0597e+10 -2.6119e+09 -1.4540e+08
  2.9570e+01  1.0743e+10  2.5839e+09  1.4685e+08 -1.0742e+10 -2.6449e+09 -1.4689e+08
  2.9670e+01  1.0890e+10  2.6168e+09  1.4835e+08 -1.0888e+10 -2.6782e+09 -1.4839e+08
  2.9770e+01  1.1038e+10  2.6501e+09  1.4985e+08 -1.1036e+10 -2.7119e+09 -1.4990e+08
  2.9870e+01  1.1187e+10  2.6837e+09  1.5137e+08 -1.1185e+10 -2.7458e+09 -1.5141e+08
  2.9970e+01  1.1338e+10  2.7176e+09  1.5290e+08 -1.1336e+10 -2.7801e+09 -1.5294e+08
  3.0070e+01  1.1490e+10  2.7518e+09  1.5444e+08 -1.1489e+10 -2.8147e+09 -1.5448e+08
  3.0170e+01  1.1644e+10  2.7863e+09  1.5599e+08 -1.1643e+10 -2.8496e+09 -1.5603e+08
  3.0270e+01  1.1800e+10  2.8212e+09  1.5755e+08 -1.1798e+10 -2.8849e+09 -1.5759e+08
  3.0370e+01  1.1957e+10  2.8564e+09  1.5912e+08 -1.1955e+10 -2.9204e+09 -1.5916e+08
  3.0470e+01  1.2116e+10  2.8919e+09  1.6070e+08 -1.2114e+10 -2.9563e+09 -1.6074e+08
  3.0569e+01  1.2276e+10  2.9278e+09  1.6229e+08 -1.2274e+10 -2.9926e+09 -1.6233e+08
  3.0669e+01  1.2438e+10  2.9639e+09  1.6389e+08 -1.2436e+10 -3.0291e+09 -1.6393e+08
  3.0769e+01  1.2601e+10  3.0004e+09  1.6550e+08 -1.2599e+10 -3.0660e+09 -1.6555e+08
  3.0869e+01  1.2766e+10  3.0373e+09  1.6713e+08 -1.2764e+10 -3.1033e+09 -1.6717e+08
  3.0969e+01  1.2933e+10  3.0745e+09  1.6876e+08 -1.2931e+10 -3.1408e+09 -1.6880e+08
  3.1069e+01  1.3101e+10  3.1120e+09  1.7040e+08 -1.3099e+10 -3.1787e+09 -1.7044e+08
  3.1169e+01  1.3271e+10  3.1498e+09  1.7206e+08 -1.3269e+10 -3.2170e+09 -1.7210e+08
  3.1269e+01  1.3442e+10  3.1880e+09  1.7372e+08 -1.3440e+10 -3.2556e+09 -1.7376e+08
  3.1369e+01  1.3616e+10  3.2266e+09  1.7540e+08 -1.3614e+10 -3.2945e+09 -1.7544e+08
  3.1469e+01  1.3790e+10  3.2655e+09  1.7708e+08 -1.3788e+10 -3.3338e+09 -1.7712e+08
  3.1568e+01  1.3967e+10  3.3047e+09  1.7878e+08 -1.3965e+10 -3.3734e+09 -1.7882e+08
  3.1668e+01  1.4145e+10  3.3443e+09  1.8049e+08 -1.4143e+10 -3.4134e+09 -1.8053e+08
  3.1768e+01  1.4325e+10  3.3843e+09  1.8220e+08 -1.4323e+10 -3.4537e+09 -1.8225e+08
  3.1868e+01  1.4507e+10  3.4246e+09  1.8393e+08 -1.4505e+10 -3.4944e+09 -1.8398e+08
  3.1968e+01  1.4690e+10  3.4652e+09  1.8567e+08 -1.4688e+10 -3.5355e+09 -1.8572e+08
  3.2068e+01  1.4875e+10  3.5063e+09  1.8742e+08 -1.4873e+10 -3.5769e+09 -1.8747e+08
  3.2168e+01  1.5062e+10  3.5476e+09  1.8919e+08 -1.5060e+10 -3.6187e+09 -1.8923e+08
  3.2268e+01  1.5251e+10  3.5894e+09  1.9096e+08 -1.5249e+10 -3.6608e+09 -1.9100e+08
  3.2368e+01  1.5441e+10  3.6315e+09  1.9274e+08 -1.5439e+10 -3.7033e+09 -1.9279e+08
  3.2468e+01  1.5633e+10  3.6740e+09  1.9454e+08 -1.5631e+10 -3.7462e+09 -1.9458e+08
  3.2567e+01  1.5827e+10  3.7168e+09  1.9634e+08 -1.5825e+10 -3.7894e+09 -1.9639e+08
  3.2667e+01  1.6023e+10  3.7600e+09  1.9816e+08 -1.6021e+10 -3.8330e+09 -1.9820e+08
  3.2767e+01  1.6220e+10  3.8036e+09  1.9999e+08 -1.6218e+10 -3.8770e+09 -2.0003e+08
  3.2867e+01  1.6420e+10  3.8476e+09  2.0183e+08 -1.6417e+10 -3.9214e+09 -2.0187e+08
  3.2967e+01  1.6621e+10  3.8919e+09  2.0368e+08 -1.6619e+10 -3.9662e+09 -2.0372e+08
  3.3067e+01  1.6824e+10  3.9367e+09  2.0554e+08 -1.6822e+10 -4.0113e+09 -2.0559e+08
  3.3167e+01  1.7029e+10  3.9818e+09  2.0742e+08 -1.7026e+10 -4.0568e+09 -2.0746e+08
  3.3267e+01  1.7235e+10  4.0273e+09  2.0930e+08 -1.7233e+10 -4.1027e+09 -2.0934e+08
  3.3367e+01  1.7444e+10  4.0732e+09  2.1120e+08 -1.7442e+10 -4.1490e+09 -2.1124e+08
  3.3467e+01  1.7654e+10  4.1194e+09  2.1311e+08 -1.7652e+10 -4.1957e+09 -2.1315e+08
  3.3566e+01  1.7867e+10  4.1661e+09  2.1502e+08 -1.7865e+10 -4.2427e+09 -2.1507e+08
  3.3666e+01  1.8081e+10  4.2132e+09  2.1695e+08 -1.8079e+10 -4.2902e+09 -2.1700e+08
  3.3766e+01  1.8297e+10  4.2606e+09  2.1890e+08 -1.8295e+10 -4.3381e+09 -2.1894e+08
  3.3866e+01  1.8515e+10  4.3085e+09  2.2085e+08 -1.8513e+10 -4.3863e+09 -2.2089e+08
  3.3966e+01  1.8736e+10  4.3567e+09  2.2282e+08 -1.8733e+10 -4.4350e+09 -2.2286e+08
  3.4066e+01  1.8958e+10  4.4054e+09  2.2479e+08 -1.8955e+10 -4.4840e+09 -2.2484e+08
  3.4166e+01  1.9182e+10  4.4545e+09  2.2678e+08 -1.9179e+10 -4.5335e+09 -2.2682e+08
  3.4266e+01  1.9408e+10  4.5039e+09  2.2878e+08 -1.9405e+10 -4.5834e+09 -2.2882e+08
  3.4366e+01  1.9636e+10  4.5538e+09  2.3079e+08 -1.9633e+10 -4.6337e+09 -2.3084e+08
  3.4466e+01  1.9866e+10  4.6041e+09  2.3282e+08 -1.9863e+10 -4.6844e+09 -2.3286e+08
  3.4565e+01  2.0098e+10  4.6548e+09  2.3485e+08 -2.0095e+10 -4.7355e+09 -2.3489e+08
  3.4665e+01  2.0332e+10  4.7059e+09  2.3690e+08 -2.0329e+10 -4.7870e+09 -2.3694e+08
  3.4765e+01  2.0568e+10  4.7575e+09  2.3896e+08 -2.0565e+10 -4.8389e+09 -2.3900e+08
  3.4865e+01  2.0806e+10  4.8094e+09  2.4103e+08 -2.0803e+10 -4.8913e+09 -2.4107e+08
  3.4965e+01  2.1046e+10  4.8618e+09  2.4311e+08 -2.1044e+10 -4.9441e+09 -2.4315e+08
  3.5065e+01  2.1288e+10  4.9146e+09  2.4520e+08 -2.1286e+10 -4.9973e+09 -2.4525e+08
  3.5165e+01  2.1533e+10  4.9678e+09  2.4731e+08 -2.1530e+10 -5.0510e+09 -2.4736e+08
  3.5265e+01  2.1779e+10  5.0215e+09  2.4943e+08 -2.1777e+10 -5.1051e+09 -2.4947e+08
  3.5365e+01  2.2028e+10  5.0756e+09  2.5156e+08 -2.2025e+10 -5.1596e+09 -2.5160e+08
  3.5465e+01  2.2278e+10  5.1301e+09  2.5370e+08 -2.2276e+10 -5.2145e+09 -2.5375e+08
  3.5564e+01  2.2531e+10  5.1851e+09  2.5586e+08 -2.2529e+10 -5.2699e+09 -2.5590e+08
  3.5664e+01  2.2786e+10  5.2405e+09  2.5803e+08 -2.2783e+10 -5.3257e+09 -2.5807e+08
  3.5764e+01  2.3043e+10  5.2963e+09  2.6020e+08 -2.3041e+10 -5.3820e+09 -2.6025e+08
  3.5864e+01  2.3302e+10  5.3526e+09  2.6240e+08 -2.3300e+10 -5.4387e+09 -2.6244e+08
  3.5964e+01  2.3564e+10  5.4094e+09  2.6460e+08 -2.3561e+10 -5.4958e+09 -2.6464e+08
  3.6064e+01  2.3828e+10  5.4666e+09  2.6682e+08 -2.3825e+10 -5.5534e+09 -2.6686e+08
  3.6164e+01  2.4093e+10  5.5242e+09  2.6904e+08 -2.4091e+10 -5.6115e+09 -2.6909e+08
  3.6264e+01  2.4361e+10  5.5823e+09  2.7129e+08 -2.4359e+10 -5.6700e+09 -2.7133e+08
  3.6364e+01  2.4632e+10  5.6408e+09  2.7354e+08 -2.4629e+10 -5.7290e+09 -2.7358e+08
  3.6464e+01  2.4904e+10  5.6998e+09  2.7580e+08 -2.4902e+10 -5.7884e+09 -2.7585e+08
  3.6563e+01  2.5179e+10  5.7593e+09  2.7808e+08 -2.5176e+10 -5.8483e+09 -2.7813e+08
  3.6663e+01  2.5456e+10  5.8192e+09  2.8037e+08 -2.5453e+10 -5.9086e+09 -2.8042e+08
  3.6763e+01  2.5735e+10  5.8796e+09  2.8268e+08 -2.5733e+10 -5.9694e+09 -2.8272e+08
  3.6863e+01  2.6017e+10  5.9405e+09  2.8499e+08 -2.6014e+10 -6.0307e+09 -2.8504e+08
  3.6963e+01  2.6301e+10  6.0018e+09  2.8732e+08 -2.6298e+10 -6.0924e+09 -2.8736e+08
  3.7063e+01  2.6587e+10  6.0636e+09  2.8966e+08 -2.6585e+10 -6.1547e+09 -2.8970e+08
  3.7163e+01  2.6876e+10  6.1259e+09  2.9201e+08 -2.6873e+10 -6.2173e+09 -2.9206e+08
  3.7263e+01  2.7167e+10  6.1886e+09  2.9438e+08 -2.7164e+10 -6.2805e+09 -2.9442e+08
  3.7363e+01  2.7460e+10  6.2518e+09  2.9676e+08 -2.7457e+10 -6.3442e+09 -2.9680e+08
  3.7463e+01  2.7756e+10  6.3155e+09  2.9915e+08 -2.7753e+10 -6.4083e+09 -2.9919e+08
  3.7562e+01  2.8054e+10  6.3797e+09  3.0155e+08 -2.8051e+10 -6.4729e+09 -3.0160e+08
  3.7662e+01  2.8354e+10  6.4444e+09  3.0397e+08 -2.8351e+10 -6.5380e+09 -3.0402e+08
  3.7762e+01  2.8657e+10  6.5096e+09  3.0640e+08 -2.8654e+10 -6.6036e+09 -3.0645e+08
  3.7862e+01  2.8962e+10  6.5753e+09  3.0884e+08 -2.8959e+10 -6.6697e+09 -3.0889e+08
  3.7962e+01  2.9270e+10  6.6414e+09  3.1130e+08 -2.9267e+10 -6.7363e+09 -3.1135e+08
  3.8062e+01  2.9580e+10  6.7081e+09  3.1377e+08 -2.9577e+10 -6.8034e+09 -3.1381e+08
  3.8162e+01  2.9893e+10  6.7752e+09  3.1625e+08 -2.9890e+10 -6.8710e+09 -3.1630e+08
  3.8262e+01  3.0208e+10  6.8429e+09  3.1875e+08 -3.0205e+10 -6.9390e+09 -3.1879e+08
  3.8362e+01  3.0525e+10  6.9110e+09  3.2126e+08 -3.0522e+10 -7.0076e+09 -3.2130e+08
  3.8462e+01  3.0845e+10  6.9797e+09  3.2378e+08 -3.0842e+10 -7.0767e+09 -3.2382e+08
  3.8561e+01  3.1168e+10  7.0488e+09  3.2631e+08 -3.1165e+10 -7.1463e+09 -3.2636e+08
  3.8661e+01  3.1493e+10  7.1185e+09  3.2886e+08 -3.1490e+10 -7.2164e+09 -3.2890e+08
  3.8761e+01  3.1821e+10  7.1887e+09  3.3142e+08 -3.1818e+10 -7.2870e+09 -3.3146e+08
  3.8861e+01  3.2151e+10  7.2594e+09  3.3399e+08 -3.2148e+10 -7.3582e+09 -3.3404e+08
  3.8961e+01  3.2483e+10  7.3307e+09  3.3658e+08 -3.2480e+10 -7.4298e+09 -3.3663e+08
  3.9061e+01  3.2819e+10  7.4024e+09  3.3918e+08 -3.2816e+10 -7.5020e+09 -3.3923e+08
  3.9161e+01  3.3157e+10  7.4747e+09  3.4179e+08 -3.3154e+10 -7.5747e+09 -3.4184e+08
  3.9261e+01  3.3497e+10  7.5475e+09  3.4442e+08 -3.3494e+10 -7.6480e+09 -3.4447e+08
  3.9361e+01  3.3840e+10  7.6208e+09  3.4706e+08 -3.3837e+10 -7.7217e+09 -3.4711e+08
  3.9461e+01  3.4186e+10  7.6947e+09  3.4972e+08 -3.4183e+10 -7.7960e+09 -3.4976e+08
  3.9560e+01  3.4534e+10  7.7691e+09  3.5238e+08 -3.4531e+10 -7.8709e+09 -3.5243e+08
  3.9660e+01  3.4885e+10  7.8440e+09  3.5507e+08 -3.4882e+10 -7.9462e+09 -3.5511e+08
  3.9760e+01  3.5239e+10  7.9195e+09  3.5776e+08 -3.5236e+10 -8.0221e+09 -3.5781e+08
  3.9860e+01  3.5595e+10  7.9955e+09  3.6047e+08 -3.5592e+10 -8.0986e+09 -3.6051e+08
  3.9960e+01  3.5954e+10  8.0721e+09  3.6319e+08 -3.5951e+10 -8.1756e+09 -3.6324e+08
  4.0060e+01  3.6316e+10  8.1492e+09  3.6593e+08 -3.6313e+10 -8.2531e+09 -3.6597e+08
  4.0160e+01  3.6681e+10  8.2268e+09  3.6868e+08 -3.6677e+10 -8.3312e+09 -3.6872e+08
  4.0260e+01  3.7048e+10  8.3050e+09  3.7144e+08 -3.7045e+10 -8.4099e+09 -3.7148e+08
  4.0360e+01  3.7418e+10  8.3838e+09  3.7422e+08 -3.7415e+10 -8.4891e+09 -3.7426e+08
  4.0460e+01  3.7791e+10  8.4631e+09  3.7701e+08 -3.7787e+10 -8.5688e+09 -3.7705e+08
  4.0559e+01  3.8166e+10  8.5430e+09  3.7981e+08 -3.8163e+10 -8.6491e+09 -3.7986e+08
  4.0659e+01  3.8545e+10  8.6234e+09  3.8263e+08 -3.8541e+10 -8.7300e+09 -3.8267e+08
  4.0759e+01  3.8926e+10  8.7044e+09  3.8546e+08 -3.8922e+10 -8.8115e+09 -3.8551e+08
  4.0859e+01  3.9310e+10  8.7860e+09  3.8831e+08 -3.9306e+10 -8.8935e+09 -3.8835e+08
  4.0959e+01  3.9696e+10  8.8681e+09  3.9117e+08 -3.9693e+10 -8.9761e+09 -3.9121e+08
  4.1059e+01  4.0086e+10  8.9509e+09  3.9404e+08 -4.0083e+10 -9.0592e+09 -3.9409e+08
  4.1159e+01  4.0479e+10  9.0342e+09  3.9693e+08 -4.0475e+10 -9.1429e+09 -3.9697e+08
  4.1259e+01  4.0874e+10  9.1180e+09  3.9983e+08 -4.0870e+10 -9.2273e+09 -3.9988e+08
  4.1359e+01  4.1272e+10  9.2025e+09  4.0275e+08 -4.1269e+10 -9.3122e+09 -4.0279e+08
  4.1459e+01  4.1673e+10  9.2875e+09  4.0568e+08 -4.1670e+10 -9.3976e+09 -4.0572e+08
  4.1558e+01  4.2077e+10  9.3731e+09  4.0862e+08 -4.2074e+10 -9.4837e+09 -4.0867e+08
  4.1658e+01  4.2484e+10  9.4594e+09  4.1158e+08 -4.2481e+10 -9.5703e+09 -4.1163e+08
  4.1758e+01  4.2894e+10  9.5462e+09  4.1456e+08 -4.2891e+10 -9.6576e+09 -4.1460e+08
  4.1858e+01  4.3307e+10  9.6336e+09  4.1754e+08 -4.3304e+10 -9.7454e+09 -4.1759e+08
  4.1958e+01  4.3723e+10  9.7215e+09  4.2054e+08 -4.3719e+10 -9.8339e+09 -4.2059e+08
  4.2058e+01  4.4142e+10  9.8101e+09  4.2356e+08 -4.4138e+10 -9.9229e+09 -4.2360e+08
  4.2158e+01  4.4564e+10  9.8993e+09  4.2659e+08 -4.4560e+10 -1.0013e+10 -4.2664e+08
  4.2258e+01  4.4989e+10  9.9891e+09  4.2964e+08 -4.4985e+10 -1.0103e+10 -4.2968e+08
  4.2358e+01  4.5417e+10  1.0080e+10  4.3269e+08 -4.5413e+10 -1.0194e+10 -4.3274e+08
  4.2458e+01  4.5848e+10  1.0171e+10  4.3577e+08 -4.5844e+10 -1.0285e+10 -4.3581e+08
  4.2557e+01  4.6282e+10  1.0262e+10  4.3886e+08 -4.6278e+10 -1.0377e+10 -4.3890e+08
  4.2657e+01  4.6719e+10  1.0354e+10  4.4196e+08 -4.6715e+10 -1.0470e+10 -4.4200e+08
  4.2757e+01  4.7159e+10  1.0447e+10  4.4508e+08 -4.7155e+10 -1.0563e+10 -4.4512e+08
  4.2857e+01  4.7602e+10  1.0541e+10  4.4821e+08 -4.7598e+10 -1.0657e+10 -4.4825e+08
  4.2957e+01  4.8049e+10  1.0635e+10  4.5135e+08 -4.8045e+10 -1.0752e+10 -4.5140e+08
  4.3057e+01  4.8498e+10  1.0730e+10  4.5452e+08 -4.8494e+10 -1.0847e+10 -4.5456e+08
  4.3157e+01  4.8951e+10  1.0825e+10  4.5769e+08 -4.8947e+10 -1.0943e+10 -4.5774e+08
  4.3257e+01  4.9407e+10  1.0921e+10  4.6088e+08 -4.9403e+10 -1.1039e+10 -4.6093e+08
  4.3357e+01  4.9866e+10  1.1018e+10  4.6409e+08 -4.9862e+10 -1.1136e+10 -4.6413e+08
  4.3457e+01  5.0328e+10  1.1115e+10  4.6731e+08 -5.0324e+10 -1.1234e+10 -4.6735e+08
  4.3556e+01  5.0793e+10  1.1213e+10  4.7054e+08 -5.0789e+10 -1.1332e+10 -4.7059e+08
  4.3656e+01  5.1262e+10  1.1311e+10  4.7379e+08 -5.1258e+10 -1.1431e+10 -4.7384e+08
  4.3756e+01  5.1734e+10  1.1411e+10  4.7706e+08 -5.1730e+10 -1.1531e+10 -4.7710e+08
  4.3856e+01  5.2209e+10  1.1511e+10  4.8034e+08 -5.2205e+10 -1.1631e+10 -4.8038e+08
  4.3956e+01  5.2687e+10  1.1611e+10  4.8363e+08 -5.2683e+10 -1.1732e+10 -4.8368e+08
  4.4056e+01  5.3169e+10  1.1712e+10  4.8694e+08 -5.3165e+10 -1.1834e+10 -4.8699e+08
  4.4156e+01  5.3654e+10  1.1814e+10  4.9027e+08 -5.3650e+10 -1.1936e+10 -4.9031e+08
  4.4256e+01  5.4142e+10  1.1917e+10  4.9361e+08 -5.4138e+10 -1.2039e+10 -4.9365e+08
  4.4356e+01  5.4634e+10  1.2020e+10  4.9696e+08 -5.4630e+10 -1.2143e+10 -4.9701e+08
  4.4456e+01  5.5129e+10  1.2123e+10  5.0033e+08 -5.5124e+10 -1.2247e+10 -5.0038e+08
  4.4555e+01  5.5627e+10  1.2228e+10  5.0372e+08 -5.5623e+10 -1.2352e+10 -5.0376e+08
  4.4655e+01  5.6129e+10  1.2333e+10  5.0712e+08 -5.6124e+10 -1.2458e+10 -5.0716e+08
  4.4755e+01  5.6634e+10  1.2439e+10  5.1054e+08 -5.6629e+10 -1.2564e+10 -5.1058e+08
  4.4855e+01  5.7142e+10  1.2545e+10  5.1397e+08 -5.7138e+10 -1.2671e+10 -5.1401e+08
  4.4955e+01  5.7654e+10  1.2653e+10  5.1741e+08 -5.7650e+10 -1.2779e+10 -5.1746e+08
  4.5055e+01  5.8169e+10  1.2761e+10  5.2088e+08 -5.8165e+10 -1.2887e+10 -5.2092e+08
  4.5155e+01  5.8688e+10  1.2869e+10  5.2435e+08 -5.8684e+10 -1.2996e+10 -5.2440e+08
  4.5255e+01  5.9210e+10  1.2978e+10  5.2785e+08 -5.9206e+10 -1.3106e+10 -5.2789e+08
  4.5355e+01  5.9736e+10  1.3088e+10  5.3135e+08 -5.9731e+10 -1.3216e+10 -5.3140e+08
  4.5455e+01  6.0265e+10  1.3199e+10  5.3488e+08 -6.0261e+10 -1.3327e+10 -5.3492e+08
  4.5554e+01  6.0798e+10  1.3310e+10  5.3842e+08 -6.0793e+10 -1.3439e+10 -5.3846e+08
  4.5654e+01  6.1334e+10  1.3422e+10  5.4197e+08 -6.1329e+10 -1.3551e+10 -5.4201e+08
  4.5754e+01  6.1874e+10  1.3535e+10  5.4554e+08 -6.1869e+10 -1.3665e+10 -5.4558e+08
  4.5854e+01  6.2417e+10  1.3649e+10  5.4913e+08 -6.2412e+10 -1.3779e+10 -5.4917e+08
  4.5954e+01  6.2964e+10  1.3763e+10  5.5273e+08 -6.2959e+10 -1.3893e+10 -5.5277e+08
  4.6054e+01  6.3514e+10  1.3878e+10  5.5635e+08 -6.3510e+10 -1.4008e+10 -5.5639e+08
  4.6154e+01  6.4068e+10  1.3993e+10  5.5998e+08 -6.4064e+10 -1.4125e+10 -5.6002e+08
  4.6254e+01  6.4626e+10  1.4110e+10  5.6363e+08 -6.4621e+10 -1.4241e+10 -5.6367e+08
  4.6354e+01  6.5187e+10  1.4227e+10  5.6729e+08 -6.5182e+10 -1.4359e+10 -5.6734e+08
  4.6454e+01  6.5752e+10  1.4344e+10  5.7098e+08 -6.5747e+10 -1.4477e+10 -5.7102e+08
  4.6553e+01  6.6321e+10  1.4463e+10  5.7467e+08 -6.6316e+10 -1.4596e+10 -5.7471e+08
  4.6653e+01  6.6893e+10  1.4582e+10  5.7838e+08 -6.6888e+10 -1.4716e+10 -5.7843e+08
  4.6753e+01  6.7469e+10  1.4702e+10  5.8211e+08 -6.7464e+10 -1.4836e+10 -5.8215e+08
  4.6853e+01  6.8049e+10  1.4823e+10  5.8586e+08 -6.8044e+10 -1.4957e+10 -5.8590e+08
  4.6953e+01  6.8632e+10  1.4944e+10  5.8962e+08 -6.8627e+10 -1.5079e+10 -5.8966e+08
  4.7053e+01  6.9219e+10  1.5066e+10  5.9339e+08 -6.9214e+10 -1.5202e+10 -5.9344e+08
  4.7153e+01  6.9810e+10  1.5189e+10  5.9719e+08 -6.9805e+10 -1.5325e+10 -5.9723e+08
  4.7253e+01  7.0405e+10  1.5313e+10  6.0099e+08 -7.0400e+10 -1.5449e+10 -6.0104e+08
  4.7353e+01  7.1003e+10  1.5437e+10  6.0482e+08 -7.0998e+10 -1.5574e+10 -6.0486e+08
  4.7453e+01  7.1605e+10  1.5562e+10  6.0866e+08 -7.1601e+10 -1.5700e+10 -6.0870e+08
  4.7552e+01  7.2212e+10  1.5688e+10  6.1252e+08 -7.2207e+10 -1.5826e+10 -6.1256e+08
  4.7652e+01  7.2821e+10  1.5815e+10  6.1639e+08 -7.2817e+10 -1.5953e+10 -6.1643e+08
  4.7752e+01  7.3435e+10  1.5942e+10  6.2028e+08 -7.3430e+10 -1.6081e+10 -6.2032e+08
  4.7852e+01  7.4053e+10  1.6071e+10  6.2419e+08 -7.4048e+10 -1.6210e+10 -6.2423e+08
  4.7952e+01  7.4675e+10  1.6200e+10  6.2811e+08 -7.4669e+10 -1.6339e+10 -6.2815e+08
  4.8052e+01  7.5300e+10  1.6329e+10  6.3205e+08 -7.5295e+10 -1.6470e+10 -6.3209e+08
  4.8152e+01  7.5929e+10  1.6460e+10  6.3600e+08 -7.5924e+10 -1.6601e+10 -6.3604e+08
  4.8252e+01  7.6563e+10  1.6591e+10  6.3998e+08 -7.6558e+10 -1.6732e+10 -6.4002e+08
  4.8352e+01  7.7200e+10  1.6723e+10  6.4396e+08 -7.7195e+10 -1.6865e+10 -6.4400e+08
  4.8452e+01  7.7841e+10  1.6856e+10  6.4797e+08 -7.7836e+10 -1.6998e+10 -6.4801e+08
  4.8551e+01  7.8486e+10  1.6990e+10  6.5199e+08 -7.8481e+10 -1.7132e+10 -6.5203e+08
  4.8651e+01  7.9136e+10  1.7124e+10  6.5603e+08 -7.9130e+10 -1.7267e+10 -6.5607e+08
  4.8751e+01  7.9789e+10  1.7260e+10  6.6008e+08 -7.9784e+10 -1.7403e+10 -6.6012e+08
  4.8851e+01  8.0446e+10  1.7396e+10  6.6415e+08 -8.0441e+10 -1.7540e+10 -6.6419e+08
  4.8951e+01  8.1108e+10  1.7533e+10  6.6824e+08 -8.1102e+10 -1.7677e+10 -6.6828e+08
  4.9051e+01  8.1773e+10  1.7670e+10  6.7234e+08 -8.1768e+10 -1.7815e+10 -6.7238e+08
  4.9151e+01  8.2442e+10  1.7809e+10  6.7647e+08 -8.2437e+10 -1.7954e+10 -6.7650e+08
  4.9251e+01  8.3116e+10  1.7948e+10  6.8060e+08 -8.3111e+10 -1.8094e+10 -6.8064e+08
  4.9351e+01  8.3794e+10  1.8088e+10  6.8476e+08 -8.3788e+10 -1.8234e+10 -6.8480e+08
  4.9451e+01  8.4476e+10  1.8229e+10  6.8893e+08 -8.4470e+10 -1.8376e+10 -6.8897e+08
  4.9550e+01  8.5162e+10  1.8371e+10  6.9312e+08 -8.5156e+10 -1.8518e+10 -6.9316e+08
  4.9650e+01  8.5852e+10  1.8513e+10  6.9733e+08 -8.5846e+10 -1.8661e+10 -6.9736e+08
  4.9750e+01  8.6546e+10  1.8657e+10  7.0155e+08 -8.6541e+10 -1.8805e+10 -7.0159e+08
  4.9850e+01  8.7245e+10  1.8801e+10  7.0579e+08 -8.7239e+10 -1.8950e+10 -7.0583e+08
  4.9950e+01  8.7948e+10  1.8946e+10  7.1004e+08 -8.7942e+10 -1.9095e+10 -7.1008e+08
  5.0050e+01  8.8655e+10  1.9092e+10  7.1432e+08 -8.8649e+10 -1.9242e+10 -7.1436e+08
  5.0150e+01  8.9366e+10  1.9239e+10  7.1861e+08 -8.9360e+10 -1.9389e+10 -7.1865e+08
  5.0250e+01  9.0081e+10  1.9386e+10  7.2292e+08 -9.0076e+10 -1.9537e+10 -7.2295e+08
  5.0350e+01  9.0801e+10  1.9535e+10  7.2724e+08 -9.0795e+10 -1.9686e+10 -7.2728e+08
  5.0450e+01  9.1525e+10  1.9684e+10  7.3158e+08 -9.1520e+10 -1.9835e+10 -7.3162e+08
  5.0549e+01  9.2254e+10  1.9834e+10  7.3594e+08 -9.2248e+10 -1.9986e+10 -7.3598e+08
  5.0649e+01  9.2987e+10  1.9985e+10  7.4032e+08 -9.2981e+10 -2.0137e+10 -7.4036e+08
  5.0749e+01  9.3724e+10  2.0137e+10  7.4471e+08 -9.3718e+10 -2.0290e+10 -7.4475e+08
  5.0849e+01  9.4465e+10  2.0290e+10  7.4913e+08 -9.4459e+10 -2.0443e+10 -7.4916e+08
  5.0949e+01  9.5211e+10  2.0443e+10  7.5355e+08 -9.5205e+10 -2.0597e+10 -7.5359e+08
  5.1049e+01  9.5962e+10  2.0598e+10  7.5800e+08 -9.5956e+10 -2.0752e+10 -7.5804e+08
  5.1149e+01  9.6716e+10  2.0753e+10  7.6246e+08 -9.6710e+10 -2.0908e+10 -7.6250e+08
  5.1249e+01  9.7475e+10  2.0909e+10  7.6695e+08 -9.7469e+10 -2.1064e+10 -7.6698e+08
  5.1349e+01  9.8239e+10  2.1066e+10  7.7144e+08 -9.8233e+10 -2.1222e+10 -7.7148e+08
  5.1449e+01  9.9007e+10  2.1224e+10  7.7596e+08 -9.9001e+10 -2.1380e+10 -7.7600e+08
  5.1548e+01  9.9780e+10  2.1383e+10  7.8049e+08 -9.9774e+10 -2.1539e+10 -7.8053e+08
  5.1648e+01  1.0056e+11  2.1543e+10  7.8505e+08 -1.0055e+11 -2.1700e+10 -7.8508e+08
  5.1748e+01  1.0134e+11  2.1703e+10  7.8962e+08 -1.0133e+11 -2.1861e+10 -7.8965e+08
  5.1848e+01  1.0212e+11  2.1865e+10  7.9420e+08 -1.0212e+11 -2.2023e+10 -7.9424e+08
  5.1948e+01  1.0292e+11  2.2027e+10  7.9881e+08 -1.0291e+11 -2.2186e+10 -7.9884e+08
  5.2048e+01  1.0371e+11  2.2190e+10  8.0343e+08 -1.0370e+11 -2.2349e+10 -8.0346e+08
  5.2148e+01  1.0451e+11  2.2355e+10  8.0807e+08 -1.0450e+11 -2.2514e+10 -8.0810e+08
  5.2248e+01  1.0532e+11  2.2520e+10  8.1273e+08 -1.0531e+11 -2.2680e+10 -8.1276e+08
  5.2348e+01  1.0612e+11  2.2686e+10  8.1740e+08 -1.0612e+11 -2.2846e+10 -8.1744e+08
  5.2448e+01  1.0694e+11  2.2853e+10  8.2210e+08 -1.0693e+11 -2.3013e+10 -8.2213e+08
  5.2547e+01  1.0776e+11  2.3020e+10  8.2681e+08 -1.0775e+11 -2.3182e+10 -8.2684e+08
  5.2647e+01  1.0858e+11  2.3189e+10  8.3154e+08 -1.0857e+11 -2.3351e+10 -8.3157e+08
  5.2747e+01  1.0941e+11  2.3359e+10  8.3628e+08 -1.0940e+11 -2.3521e+10 -8.3632e+08
  5.2847e+01  1.1024e+11  2.3529e+10  8.4105e+08 -1.1023e+11 -2.3692e+10 -8.4108e+08
  5.2947e+01  1.1108e+11  2.3701e+10  8.4583e+08 -1.1107e+11 -2.3864e+10 -8.4587e+08
  5.3047e+01  1.1192e+11  2.3874e+10  8.5064e+08 -1.1191e+11 -2.4037e+10 -8.5067e+08
  5.3147e+01  1.1277e+11  2.4047e+10  8.5546e+08 -1.1276e+11 -2.4211e+10 -8.5549e+08
  5.3247e+01  1.1362e+11  2.4221e+10  8.6029e+08 -1.1361e+11 -2.4386e+10 -8.6032e+08
  5.3347e+01  1.1448e+11  2.4397e+10  8.6515e+08 -1.1447e+11 -2.4562e+10 -8.6518e+08
  5.3447e+01  1.1534e+11  2.4573e+10  8.7002e+08 -1.1533e+11 -2.4739e+10 -8.7006e+08
  5.3546e+01  1.1620e+11  2.4750e+10  8.7492e+08 -1.1620e+11 -2.4916e+10 -8.7495e+08
  5.3646e+01  1.1707e+11  2.4928e+10  8.7983e+08 -1.1707e+11 -2.5095e+10 -8.7986e+08
  5.3746e+01  1.1795e+11  2.5107e+10  8.8476e+08 -1.1794e+11 -2.5274e+10 -8.8479e+08
  5.3846e+01  1.1883e+11  2.5287e+10  8.8970e+08 -1.1882e+11 -2.5455e+10 -8.8973e+08
  5.3946e+01  1.1972e+11  2.5469e+10  8.9467e+08 -1.1971e+11 -2.5637e+10 -8.9470e+08
  5.4046e+01  1.2061e+11  2.5651e+10  8.9966e+08 -1.2060e+11 -2.5819e+10 -8.9968e+08
  5.4146e+01  1.2150e+11  2.5834e+10  9.0466e+08 -1.2150e+11 -2.6003e+10 -9.0469e+08
  5.4246e+01  1.2240e+11  2.6017e+10  9.0968e+08 -1.2240e+11 -2.6187e+10 -9.0971e+08
  5.4346e+01  1.2331e+11  2.6202e+10  9.1472e+08 -1.2330e+11 -2.6372e+10 -9.1475e+08
  5.4446e+01  1.2422e+11  2.6388e+10  9.1978e+08 -1.2421e+11 -2.6559e+10 -9.1981e+08
  5.4545e+01  1.2514e+11  2.6575e+10  9.2486e+08 -1.2513e+11 -2.6746e+10 -9.2488e+08
  5.4645e+01  1.2606e+11  2.6763e+10  9.2995e+08 -1.2605e+11 -2.6935e+10 -9.2998e+08
  5.4745e+01  1.2698e+11  2.6952e+10  9.3507e+08 -1.2698e+11 -2.7124e+10 -9.3509e+08
  5.4845e+01  1.2791e+11  2.7142e+10  9.4020e+08 -1.2791e+11 -2.7314e+10 -9.4023e+08
  5.4945e+01  1.2885e+11  2.7333e+10  9.4535e+08 -1.2884e+11 -2.7506e+10 -9.4538e+08
  5.5045e+01  1.2979e+11  2.7525e+10  9.5052e+08 -1.2978e+11 -2.7698e+10 -9.5055e+08
  5.5145e+01  1.3074e+11  2.7718e+10  9.5571e+08 -1.3073e+11 -2.7892e+10 -9.5574e+08
  5.5245e+01  1.3169e+11  2.7912e+10  9.6092e+08 -1.3168e+11 -2.8086e+10 -9.6095e+08
  5.5345e+01  1.3265e+11  2.8107e+10  9.6615e+08 -1.3264e+11 -2.8281e+10 -9.6617e+08
  5.5445e+01  1.3361e+11  2.8302e+10  9.7139e+08 -1.3360e+11 -2.8478e+10 -9.7142e+08
  5.5544e+01  1.3458e+11  2.8499e+10  9.7666e+08 -1.3457e+11 -2.8675e+10 -9.7668e+08
  5.5644e+01  1.3555e+11  2.8697e+10  9.8194e+08 -1.3554e+11 -2.8874e+10 -9.8197e+08
  5.5744e+01  1.3653e+11  2.8896e+10  9.8725e+08 -1.3652e+11 -2.9073e+10 -9.8727e+08
  5.5844e+01  1.3751e+11  2.9097e+10  9.9257e+08 -1.3750e+11 -2.9274e+10 -9.9259e+08
  5.5944e+01  1.3850e+11  2.9298e+10  9.9791e+08 -1.3849e+11 -2.9475e+10 -9.9793e+08
  5.6044e+01  1.3949e+11  2.9500e+10  1.0033e+09 -1.3948e+11 -2.9678e+10 -1.0033e+09
  5.6144e+01  1.4049e+11  2.9703e+10  1.0086e+09 -1.4048e+11 -2.9882e+10 -1.0087e+09
  5.6244e+01  1.4149e+11  2.9907e+10  1.0140e+09 -1.4149e+11 -3.0086e+10 -1.0141e+09
  5.6344e+01  1.4250e+11  3.0112e+10  1.0195e+09 -1.4250e+11 -3.0292e+10 -1.0195e+09
  5.6444e+01  1.4352e+11  3.0319e+10  1.0249e+09 -1.4351e+11 -3.0499e+10 -1.0249e+09
  5.6543e+01  1.4454e+11  3.0526e+10  1.0304e+09 -1.4453e+11 -3.0707e+10 -1.0304e+09
  5.6643e+01  1.4556e+11  3.0735e+10  1.0358e+09 -1.4556e+11 -3.0916e+10 -1.0359e+09
  5.6743e+01  1.4660e+11  3.0944e+10  1.0413e+09 -1.4659e+11 -3.1126e+10 -1.0414e+09
  5.6843e+01  1.4763e+11  3.1155e+10  1.0468e+09 -1.4762e+11 -3.1337e+10 -1.0469e+09
  5.6943e+01  1.4868e+11  3.1366e+10  1.0524e+09 -1.4867e+11 -3.1549e+10 -1.0524e+09
  5.7043e+01  1.4972e+11  3.1579e+10  1.0579e+09 -1.4971e+11 -3.1762e+10 -1.0580e+09
  5.7143e+01  1.5078e+11  3.1793e+10  1.0635e+09 -1.5077e+11 -3.1976e+10 -1.0635e+09
  5.7243e+01  1.5184e+11  3.2008e+10  1.0691e+09 -1.5183e+11 -3.2192e+10 -1.0691e+09
  5.7343e+01  1.5290e+11  3.2224e+10  1.0747e+09 -1.5289e+11 -3.2408e+10 -1.0747e+09
  5.7443e+01  1.5397e+11  3.2441e+10  1.0803e+09 -1.5396e+11 -3.2626e+10 -1.0804e+09
  5.7542e+01  1.5505e+11  3.2659e+10  1.0860e+09 -1.5504e+11 -3.2844e+10 -1.0860e+09
  5.7642e+01  1.5613e+11  3.2878e+10  1.0917e+09 -1.5612e+11 -3.3064e+10 -1.0917e+09
  5.7742e+01  1.5721e+11  3.3098e+10  1.0974e+09 -1.5720e+11 -3.3285e+10 -1.0974e+09
  5.7842e+01  1.5831e+11  3.3320e+10  1.1031e+09 -1.5830e+11 -3.3507e+10 -1.1031e+09
  5.7942e+01  1.5940e+11  3.3542e+10  1.1088e+09 -1.5940e+11 -3.3730e+10 -1.1088e+09
  5.8042e+01  1.6051e+11  3.3766e+10  1.1145e+09 -1.6050e+11 -3.3954e+10 -1.1146e+09
  5.8142e+01  1.6162e+11  3.3991e+10  1.1203e+09 -1.6161e+11 -3.4179e+10 -1.1203e+09
  5.8242e+01  1.6273e+11  3.4217e+10  1.1261e+09 -1.6272e+11 -3.4406e+10 -1.1261e+09
  5.8342e+01  1.6385e+11  3.4444e+10  1.1319e+09 -1.6385e+11 -3.4633e+10 -1.1319e+09
  5.8442e+01  1.6498e+11  3.4672e+10  1.1377e+09 -1.6497e+11 -3.4862e+10 -1.1378e+09
  5.8541e+01  1.6611e+11  3.4901e+10  1.1436e+09 -1.6610e+11 -3.5091e+10 -1.1436e+09
  5.8641e+01  1.6725e+11  3.5131e+10  1.1495e+09 -1.6724e+11 -3.5322e+10 -1.1495e+09
  5.8741e+01  1.6840e+11  3.5363e+10  1.1554e+09 -1.6839e+11 -3.5554e+10 -1.1554e+09
  5.8841e+01  1.6955e+11  3.5596e+10  1.1613e+09 -1.6954e+11 -3.5788e+10 -1.1613e+09
  5.8941e+01  1.7070e+11  3.5830e+10  1.1672e+09 -1.7069e+11 -3.6022e+10 -1.1672e+09
  5.9041e+01  1.7187e+11  3.6065e+10  1.1731e+09 -1.7186e+11 -3.6257e+10 -1.1732e+09
  5.9141e+01  1.7303e+11  3.6301e+10  1.1791e+09 -1.7302e+11 -3.6494e+10 -1.1791e+09
  5.9241e+01  1.7421e+11  3.6538e+10  1.1851e+09 -1.7420e+11 -3.6732e+10 -1.1851e+09
  5.9341e+01  1.7539e+11  3.6776e+10  1.1911e+09 -1.7538e+11 -3.6971e+10 -1.1911e+09
  5.9441e+01  1.7657e+11  3.7016e+10  1.1971e+09 -1.7656e+11 -3.7211e+10 -1.1972e+09
  5.9540e+01  1.7776e+11  3.7257e+10  1.2032e+09 -1.7776e+11 -3.7452e+10 -1.2032e+09
  5.9640e+01  1.7896e+11  3.7499e+10  1.2093e+09 -1.7895e+11 -3.7694e+10 -1.2093e+09
  5.9740e+01  1.8017e+11  3.7742e+10  1.2154e+09 -1.8016e+11 -3.7938e+10 -1.2154e+09
  5.9840e+01  1.8138e+11  3.7986e+10  1.2215e+09 -1.8137e+11 -3.8183e+10 -1.2215e+09
  5.9940e+01  1.8259e+11  3.8232e+10  1.2276e+09 -1.8258e+11 -3.8429e+10 -1.2276e+09
  6.0040e+01  1.8381e+11  3.8478e+10  1.2338e+09 -1.8381e+11 -3.8676e+10 -1.2338e+09
  6.0140e+01  1.8504e+11  3.8726e+10  1.2399e+09 -1.8503e+11 -3.8924e+10 -1.2399e+09
  6.0240e+01  1.8628e+11  3.8975e+10  1.2461e+09 -1.8627e+11 -3.9174e+10 -1.2461e+09
  6.0340e+01  1.8752e+11  3.9225e+10  1.2523e+09 -1.8751e+11 -3.9425e+10 -1.2523e+09
  6.0440e+01  1.8877e+11  3.9477e+10  1.2586e+09 -1.8876e+11 -3.9677e+10 -1.2586e+09
  6.0539e+01  1.9002e+11  3.9730e+10  1.2648e+09 -1.9001e+11 -3.9930e+10 -1.2648e+09
  6.0639e+01  1.9128e+11  3.9983e+10  1.2711e+09 -1.9127e+11 -4.0184e+10 -1.2711e+09
  6.0739e+01  1.9254e+11  4.0239e+10  1.2774e+09 -1.9253e+11 -4.0440e+10 -1.2774e+09
  6.0839e+01  1.9381e+11  4.0495e+10  1.2837e+09 -1.9380e+11 -4.0696e+10 -1.2837e+09
  6.0939e+01  1.9509e+11  4.0752e+10  1.2901e+09 -1.9508e+11 -4.0954e+10 -1.2901e+09
  6.1039e+01  1.9638e+11  4.1011e+10  1.2964e+09 -1.9637e+11 -4.1214e+10 -1.2964e+09
  6.1139e+01  1.9767e+11  4.1271e+10  1.3028e+09 -1.9766e+11 -4.1474e+10 -1.3028e+09
  6.1239e+01  1.9896e+11  4.1532e+10  1.3092e+09 -1.9895e+11 -4.1736e+10 -1.3092e+09
  6.1339e+01  2.0027e+11  4.1795e+10  1.3156e+09 -2.0026e+11 -4.1999e+10 -1.3156e+09
  6.1439e+01  2.0158e+11  4.2058e+10  1.3221e+09 -2.0157e+11 -4.2263e+10 -1.3221e+09
  6.1538e+01  2.0289e+11  4.2323e+10  1.3285e+09 -2.0288e+11 -4.2528e+10 -1.3285e+09
  6.1638e+01  2.0422e+11  4.2589e+10  1.3350e+09 -2.0421e+11 -4.2795e+10 -1.3350e+09
  6.1738e+01  2.0555e+11  4.2857e+10  1.3415e+09 -2.0554e+11 -4.3063e+10 -1.3415e+09
  6.1838e+01  2.0688e+11  4.3126e+10  1.3481e+09 -2.0687e+11 -4.3332e+10 -1.3481e+09
  6.1938e+01  2.0822e+11  4.3396e+10  1.3546e+09 -2.0821e+11 -4.3603e+10 -1.3546e+09
  6.2038e+01  2.0957e+11  4.3667e+10  1.3612e+09 -2.0956e+11 -4.3874e+10 -1.3612e+09
  6.2138e+01  2.1093e+11  4.3939e+10  1.3678e+09 -2.1092e+11 -4.4147e+10 -1.3678e+09
  6.2238e+01  2.1229e+11  4.4213e+10  1.3744e+09 -2.1228e+11 -4.4421e+10 -1.3744e+09
  6.2338e+01  2.1366e+11  4.4488e+10  1.3810e+09 -2.1365e+11 -4.4697e+10 -1.3810e+09
  6.2438e+01  2.1503e+11  4.4764e+10  1.3877e+09 -2.1502e+11 -4.4974e+10 -1.3877e+09
  6.2537e+01  2.1641e+11  4.5042e+10  1.3943e+09 -2.1640e+11 -4.5252e+10 -1.3943e+09
  6.2637e+01  2.1780e+11  4.5321e+10  1.4010e+09 -2.1779e+11 -4.5531e+10 -1.4010e+09
  6.2737e+01  2.1920e+11  4.5601e+10  1.4078e+09 -2.1919e+11 -4.5812e+10 -1.4078e+09
  6.2837e+01  2.2060e+11  4.5882e+10  1.4145e+09 -2.2059e+11 -4.6094e+10 -1.4145e+09
  6.2937e+01  2.2201e+11  4.6165e+10  1.4213e+09 -2.2199e+11 -4.6377e+10 -1.4213e+09
  6.3037e+01  2.2342e+11  4.6449e+10  1.4280e+09 -2.2341e+11 -4.6662e+10 -1.4280e+09
  6.3137e+01  2.2484e+11  4.6735e+10  1.4349e+09 -2.2483e+11 -4.6947e+10 -1.4348e+09
  6.3237e+01  2.2627e+11  4.7021e+10  1.4417e+09 -2.2626e+11 -4.7235e+10 -1.4417e+09
  6.3337e+01  2.2771e+11  4.7309e+10  1.4485e+09 -2.2770e+11 -4.7523e+10 -1.4485e+09
  6.3437e+01  2.2915e+11  4.7598e+10  1.4554e+09 -2.2914e+11 -4.7813e+10 -1.4554e+09
  6.3536e+01  2.3060e+11  4.7889e+10  1.4623e+09 -2.3059e+11 -4.8104e+10 -1.4623e+09
  6.3636e+01  2.3205e+11  4.8181e+10  1.4692e+09 -2.3204e+11 -4.8396e+10 -1.4692e+09
  6.3736e+01  2.3352e+11  4.8474e+10  1.4761e+09 -2.3350e+11 -4.8690e+10 -1.4761e+09
  6.3836e+01  2.3499e+11  4.8769e+10  1.4831e+09 -2.3497e+11 -4.8985e+10 -1.4831e+09
  6.3936e+01  2.3646e+11  4.9065e+10  1.4901e+09 -2.3645e+11 -4.9282e+10 -1.4901e+09
  6.4036e+01  2.3795e+11  4.9362e+10  1.4971e+09 -2.3793e+11 -4.9580e+10 -1.4971e+09
  6.4136e+01  2.3944e+11  4.9661e+10  1.5041e+09 -2.3942e+11 -4.9879e+10 -1.5041e+09
  6.4236e+01  2.4093e+11  4.9961e+10  1.5111e+09 -2.4092e+11 -5.0179e+10 -1.5111e+09
  6.4336e+01  2.4244e+11  5.0262e+10  1.5182e+09 -2.4243e+11 -5.0481e+10 -1.5182e+09
  6.4436e+01  2.4395e+11  5.0565e+10  1.5253e+09 -2.4394e+11 -5.0784e+10 -1.5253e+09
  6.4535e+01  2.4547e+11  5.0869e+10  1.5324e+09 -2.4546e+11 -5.1089e+10 -1.5324e+09
  6.4635e+01  2.4699e+11  5.1175e+10  1.5395e+09 -2.4698e+11 -5.1395e+10 -1.5395e+09
  6.4735e+01  2.4853e+11  5.1481e+10  1.5467e+09 -2.4851e+11 -5.1702e+10 -1.5467e+09
  6.4835e+01  2.5007e+11  5.1790e+10  1.5539e+09 -2.5005e+11 -5.2011e+10 -1.5539e+09
  6.4935e+01  2.5161e+11  5.2099e+10  1.5611e+09 -2.5160e+11 -5.2321e+10 -1.5611e+09
  6.5035e+01  2.5317e+11  5.2410e+10  1.5683e+09 -2.5315e+11 -5.2632e+10 -1.5683e+09
  6.5135e+01  2.5473e+11  5.2722e+10  1.5755e+09 -2.5472e+11 -5.2945e+10 -1.5755e+09
  6.5235e+01  2.5630e+11  5.3036e+10  1.5828e+09 -2.5628e+11 -5.3260e+10 -1.5828e+09
  6.5335e+01  2.5787e+11  5.3351e+10  1.5901e+09 -2.5786e+11 -5.3575e+10 -1.5901e+09
  6.5435e+01  2.5946e+11  5.3668e+10  1.5974e+09 -2.5944e+11 -5.3892e+10 -1.5974e+09
  6.5534e+01  2.6105e+11  5.3986e+10  1.6047e+09 -2.6103e+11 -5.4211e+10 -1.6047e+09
  6.5634e+01  2.6264e+11  5.4305e+10  1.6121e+09 -2.6263e+11 -5.4531e+10 -1.6121e+09
  6.5734e+01  2.6425e+11  5.4626e+10  1.6195e+09 -2.6424e+11 -5.4852e+10 -1.6194e+09
  6.5834e+01  2.6586e+11  5.4948e+10  1.6269e+09 -2.6585e+11 -5.5174e+10 -1.6268e+09
  6.5934e+01  2.6748e+11  5.5272e+10  1.6343e+09 -2.6747e+11 -5.5499e+10 -1.6343e+09
  6.6034e+01  2.6911e+11  5.5597e+10  1.6417e+09 -2.6909e+11 -5.5824e+10 -1.6417e+09
  6.6134e+01  2.7074e+11  5.5923e+10  1.6492e+09 -2.7073e+11 -5.6151e+10 -1.6492e+09
  6.6234e+01  2.7238e+11  5.6251e+10  1.6567e+09 -2.7237e+11 -5.6479e+10 -1.6567e+09
  6.6334e+01  2.7403e+11  5.6581e+10  1.6642e+09 -2.7402e+11 -5.6809e+10 -1.6642e+09
  6.6434e+01  2.7569e+11  5.6911e+10  1.6717e+09 -2.7568e+11 -5.7141e+10 -1.6717e+09
  6.6533e+01  2.7735e+11  5.7244e+10  1.6793e+09 -2.7734e+11 -5.7473e+10 -1.6793e+09
  6.6633e+01  2.7903e+11  5.7577e+10  1.6869e+09 -2.7901e+11 -5.7808e+10 -1.6868e+09
  6.6733e+01  2.8071e+11  5.7912e+10  1.6945e+09 -2.8069e+11 -5.8143e+10 -1.6945e+09
  6.6833e+01  2.8239e+11  5.8249e+10  1.7021e+09 -2.8238e+11 -5.8480e+10 -1.7021e+09
  6.6933e+01  2.8409e+11  5.8587e+10  1.7097e+09 -2.8407e+11 -5.8819e+10 -1.7097e+09
  6.7033e+01  2.8579e+11  5.8927e+10  1.7174e+09 -2.8577e+11 -5.9159e+10 -1.7174e+09
  6.7133e+01  2.8750e+11  5.9268e+10  1.7251e+09 -2.8748e+11 -5.9500e+10 -1.7251e+09
  6.7233e+01  2.8922e+11  5.9610e+10  1.7328e+09 -2.8920e+11 -5.9843e+10 -1.7328e+09
  6.7333e+01  2.9094e+11  5.9954e+10  1.7406e+09 -2.9093e+11 -6.0188e+10 -1.7406e+09
  6.7433e+01  2.9267e+11  6.0299e+10  1.7483e+09 -2.9266e+11 -6.0534e+10 -1.7483e+09
  6.7532e+01  2.9441e+11  6.0646e+10  1.7561e+09 -2.9440e+11 -6.0881e+10 -1.7561e+09
  6.7632e+01  2.9616e+11  6.0995e+10  1.7639e+09 -2.9615e+11 -6.1230e+10 -1.7639e+09
  6.7732e+01  2.9792e+11  6.1345e+10  1.7718e+09 -2.9790e+11 -6.1580e+10 -1.7717e+09
  6.7832e+01  2.9968e+11  6.1696e+10  1.7796e+09 -2.9967e+11 -6.1932e+10 -1.7796e+09
  6.7932e+01  3.0145e+11  6.2049e+10  1.7875e+09 -3.0144e+11 -6.2286e+10 -1.7875e+09
  6.8032e+01  3.0323e+11  6.2403e+10  1.7954e+09 -3.0322e+11 -6.2641e+10 -1.7954e+09
  6.8132e+01  3.0502e+11  6.2759e+10  1.8033e+09 -3.0501e+11 -6.2997e+10 -1.8033e+09
  6.8232e+01  3.0682e+11  6.3117e+10  1.8113e+09 -3.0680e+11 -6.3355e+10 -1.8113e+09
  6.8332e+01  3.0862e+11  6.3476e+10  1.8193e+09 -3.0860e+11 -6.3715e+10 -1.8192e+09
  6.8432e+01  3.1043e+11  6.3836e+10  1.8272e+09 -3.1042e+11 -6.4076e+10 -1.8272e+09
  6.8531e+01  3.1225e+11  6.4198e+10  1.8353e+09 -3.1223e+11 -6.4438e+10 -1.8352e+09
  6.8631e+01  3.1408e+11  6.4562e+10  1.8433e+09 -3.1406e+11 -6.4802e+10 -1.8433e+09
  6.8731e+01  3.1591e+11  6.4927e+10  1.8514e+09 -3.1590e+11 -6.5168e+10 -1.8513e+09
  6.8831e+01  3.1776e+11  6.5294e+10  1.8595e+09 -3.1774e+11 -6.5535e+10 -1.8594e+09
  6.8931e+01  3.1961e+11  6.5662e+10  1.8676e+09 -3.1959e+11 -6.5904e+10 -1.8675e+09
  6.9031e+01  3.2147e+11  6.6032e+10  1.8757e+09 -3.2145e+11 -6.6274e+10 -1.8757e+09
  6.9131e+01  3.2333e+11  6.6403e+10  1.8839e+09 -3.2332e+11 -6.6646e+10 -1.8838e+09
  6.9231e+01  3.2521e+11  6.6776e+10  1.8921e+09 -3.2519e+11 -6.7019e+10 -1.8920e+09
  6.9331e+01  3.2709e+11  6.7150e+10  1.9003e+09 -3.2708e+11 -6.7394e+10 -1.9002e+09
  6.9431e+01  3.2898e+11  6.7526e+10  1.9085e+09 -3.2897e+11 -6.7771e+10 -1.9085e+09
  6.9530e+01  3.3088e+11  6.7904e+10  1.9168e+09 -3.3087e+11 -6.8149e+10 -1.9167e+09
  6.9630e+01  3.3279e+11  6.8283e+10  1.9250e+09 -3.3278e+11 -6.8528e+10 -1.9250e+09
  6.9730e+01  3.3471e+11  6.8664e+10  1.9333e+09 -3.3469e+11 -6.8910e+10 -1.9333e+09
  6.9830e+01  3.3663e+11  6.9046e+10  1.9417e+09 -3.3662e+11 -6.9293e+10 -1.9416e+09
  6.9930e+01  3.3857e+11  6.9430e+10  1.9500e+09 -3.3855e+11 -6.9677e+10 -1.9500e+09
  7.0030e+01  3.4051e+11  6.9816e+10  1.9584e+09 -3.4049e+11 -7.0063e+10 -1.9583e+09
  7.0130e+01  3.4246e+11  7.0203e+10  1.9668e+09 -3.4244e+11 -7.0451e+10 -1.9667e+09
  7.0230e+01  3.4441e+11  7.0592e+10  1.9752e+09 -3.4440e+11 -7.0840e+10 -1.9752e+09
  7.0330e+01  3.4638e+11  7.0982e+10  1.9837e+09 -3.4636e+11 -7.1231e+10 -1.9836e+09
  7.0430e+01  3.4836e+11  7.1374e+10  1.9921e+09 -3.4834e+11 -7.1623e+10 -1.9921e+09
  7.0529e+01  3.5034e+11  7.1768e+10  2.0006e+09 -3.5032e+11 -7.2017e+10 -2.0006e+09
  7.0629e+01  3.5233e+11  7.2163e+10  2.0091e+09 -3.5231e+11 -7.2413e+10 -2.0091e+09
  7.0729e+01  3.5433e+11  7.2560e+10  2.0177e+09 -3.5431e+11 -7.2811e+10 -2.0176e+09
  7.0829e+01  3.5634e+11  7.2958e+10  2.0262e+09 -3.5632e+11 -7.3209e+10 -2.0262e+09
  7.0929e+01  3.5836e+11  7.3358e+10  2.0348e+09 -3.5834e+11 -7.3610e+10 -2.0348e+09
  7.1029e+01  3.6038e+11  7.3760e+10  2.0435e+09 -3.6037e+11 -7.4012e+10 -2.0434e+09
  7.1129e+01  3.6242e+11  7.4164e+10  2.0521e+09 -3.6240e+11 -7.4416e+10 -2.0520e+09
  7.1229e+01  3.6446e+11  7.4569e+10  2.0608e+09 -3.6444e+11 -7.4822e+10 -2.0607e+09
  7.1329e+01  3.6651e+11  7.4975e+10  2.0694e+09 -3.6649e+11 -7.5229e+10 -2.0694e+09
  7.1429e+01  3.6857e+11  7.5384e+10  2.0782e+09 -3.6855e+11 -7.5638e+10 -2.0781e+09
  7.1528e+01  3.7064e+11  7.5794e+10  2.0869e+09 -3.7062e+11 -7.6048e+10 -2.0868e+09
  7.1628e+01  3.7272e+11  7.6206e+10  2.0957e+09 -3.7270e+11 -7.6461e+10 -2.0956e+09
  7.1728e+01  3.7480e+11  7.6619e+10  2.1044e+09 -3.7479e+11 -7.6875e+10 -2.1044e+09
  7.1828e+01  3.7690e+11  7.7034e+10  2.1132e+09 -3.7688e+11 -7.7290e+10 -2.1132e+09
  7.1928e+01  3.7900e+11  7.7451e+10  2.1221e+09 -3.7898e+11 -7.7707e+10 -2.1220e+09
  7.2028e+01  3.8112e+11  7.7869e+10  2.1309e+09 -3.8110e+11 -7.8126e+10 -2.1309e+09
  7.2128e+01  3.8324e+11  7.8289e+10  2.1398e+09 -3.8322e+11 -7.8547e+10 -2.1398e+09
  7.2228e+01  3.8537e+11  7.8711e+10  2.1487e+09 -3.8535e+11 -7.8969e+10 -2.1487e+09
  7.2328e+01  3.8751e+11  7.9135e+10  2.1577e+09 -3.8749e+11 -7.9393e+10 -2.1576e+09
  7.2428e+01  3.8965e+11  7.9560e+10  2.1666e+09 -3.8964e+11 -7.9819e+10 -2.1666e+09
  7.2527e+01  3.9181e+11  7.9987e+10  2.1756e+09 -3.9179e+11 -8.0246e+10 -2.1755e+09
  7.2627e+01  3.9398e+11  8.0415e+10  2.1846e+09 -3.9396e+11 -8.0676e+10 -2.1846e+09
  7.2727e+01  3.9615e+11  8.0846e+10  2.1936e+09 -3.9613e+11 -8.1106e+10 -2.1936e+09
  7.2827e+01  3.9834e+11  8.1278e+10  2.2027e+09 -3.9832e+11 -8.1539e+10 -2.2026e+09
  7.2927e+01  4.0053e+11  8.1712e+10  2.2118e+09 -4.0051e+11 -8.1973e+10 -2.2117e+09
  7.3027e+01  4.0273e+11  8.2147e+10  2.2209e+09 -4.0271e+11 -8.2409e+10 -2.2208e+09
  7.3127e+01  4.0494e+11  8.2585e+10  2.2300e+09 -4.0492e+11 -8.2847e+10 -2.2300e+09
  7.3227e+01  4.0716e+11  8.3024e+10  2.2392e+09 -4.0714e+11 -8.3287e+10 -2.2391e+09
  7.3327e+01  4.0939e+11  8.3464e+10  2.2484e+09 -4.0937e+11 -8.3728e+10 -2.2483e+09
  7.3427e+01  4.1163e+11  8.3907e+10  2.2576e+09 -4.1161e+11 -8.4171e+10 -2.2575e+09
  7.3526e+01  4.1388e+11  8.4351e+10  2.2668e+09 -4.1386e+11 -8.4616e+10 -2.2667e+09
  7.3626e+01  4.1613e+11  8.4797e+10  2.2761e+09 -4.1611e+11 -8.5062e+10 -2.2760e+09
  7.3726e+01  4.1840e+11  8.5245e+10  2.2853e+09 -4.1838e+11 -8.5511e+10 -2.2853e+09
  7.3826e+01  4.2067e+11  8.5695e+10  2.2947e+09 -4.2065e+11 -8.5961e+10 -2.2946e+09
  7.3926e+01  4.2296e+11  8.6146e+10  2.3040e+09 -4.2294e+11 -8.6413e+10 -2.3039e+09
  7.4026e+01  4.2525e+11  8.6599e+10  2.3133e+09 -4.2523e+11 -8.6866e+10 -2.3133e+09
  7.4126e+01  4.2755e+11  8.7054e+10  2.3227e+09 -4.2753e+11 -8.7322e+10 -2.3227e+09
  7.4226e+01  4.2987e+11  8.7511e+10  2.3321e+09 -4.2985e+11 -8.7779e+10 -2.3321e+09
  7.4326e+01  4.3219e+11  8.7969e+10  2.3416e+09 -4.3217e+11 -8.8238e+10 -2.3415e+09
  7.4426e+01  4.3452e+11  8.8430e+10  2.3510e+09 -4.3450e+11 -8.8699e+10 -2.3510e+09
  7.4525e+01  4.3686e+11  8.8892e+10  2.3605e+09 -4.3684e+11 -8.9161e+10 -2.3604e+09
  7.4625e+01  4.3921e+11  8.9356e+10  2.3700e+09 -4.3919e+11 -8.9626e+10 -2.3699e+09
  7.4725e+01  4.4157e+11  8.9821e+10  2.3796e+09 -4.4155e+11 -9.0092e+10 -2.3795e+09
  7.4825e+01  4.4394e+11  9.0289e+10  2.3891e+09 -4.4392e+11 -9.0560e+10 -2.3890e+09
  7.4925e+01  4.4632e+11  9.0758e+10  2.3987e+09 -4.4630e+11 -9.1030e+10 -2.3986e+09
  7.5025e+01  4.4870e+11  9.1229e+10  2.4083e+09 -4.4868e+11 -9.1501e+10 -2.4082e+09
  7.5125e+01  4.5110e+11  9.1702e+10  2.4180e+09 -4.5108e+11 -9.1975e+10 -2.4179e+09
  7.5225e+01  4.5351e+11  9.2177e+10  2.4276e+09 -4.5349e+11 -9.2450e+10 -2.4275e+09
  7.5325e+01  4.5593e+11  9.2654e+10  2.4373e+09 -4.5590e+11 -9.2927e+10 -2.4372e+09
  7.5425e+01  4.5835e+11  9.3132e+10  2.4470e+09 -4.5833e+11 -9.3406e+10 -2.4469e+09
  7.5524e+01  4.6079e+11  9.3613e+10  2.4568e+09 -4.6077e+11 -9.3887e+10 -2.4567e+09
  7.5624e+01  4.6323e+11  9.4095e+10  2.4665e+09 -4.6321e+11 -9.4370e+10 -2.4664e+09
  7.5724e+01  4.6569e+11  9.4579e+10  2.4763e+09 -4.6567e+11 -9.4855e+10 -2.4762e+09
  7.5824e+01  4.6815e+11  9.5065e+10  2.4861e+09 -4.6813e+11 -9.5341e+10 -2.4861e+09
  7.5924e+01  4.7063e+11  9.5553e+10  2.4960e+09 -4.7061e+11 -9.5829e+10 -2.4959e+09
  7.6024e+01  4.7311e+11  9.6043e+10  2.5059e+09 -4.7309e+11 -9.6320e+10 -2.5058e+09
  7.6124e+01  4.7561e+11  9.6534e+10  2.5158e+09 -4.7559e+11 -9.6812e+10 -2.5157e+09
  7.6224e+01  4.7811e+11  9.7028e+10  2.5257e+09 -4.7809e+11 -9.7306e+10 -2.5256e+09
  7.6324e+01  4.8063e+11  9.7523e+10  2.5356e+09 -4.8061e+11 -9.7802e+10 -2.5355e+09
  7.6424e+01  4.8315e+11  9.8020e+10  2.5456e+09 -4.8313e+11 -9.8299e+10 -2.5455e+09
  7.6523e+01  4.8569e+11  9.8519e+10  2.5556e+09 -4.8566e+11 -9.8799e+10 -2.5555e+09
  7.6623e+01  4.8823e+11  9.9020e+10  2.5656e+09 -4.8821e+11 -9.9300e+10 -2.5655e+09
  7.6723e+01  4.9078e+11  9.9523e+10  2.5757e+09 -4.9076e+11 -9.9804e+10 -2.5756e+09
  7.6823e+01  4.9335e+11  1.0003e+11  2.5858e+09 -4.9333e+11 -1.0031e+11 -2.5857e+09
  7.6923e+01  4.9592e+11  1.0053e+11  2.5959e+09 -4.9590e+11 -1.0082e+11 -2.5958e+09
  7.7023e+01  4.9851e+11  1.0104e+11  2.6060e+09 -4.9848e+11 -1.0133e+11 -2.6059e+09
  7.7123e+01  5.0110e+11  1.0155e+11  2.6162e+09 -5.0108e+11 -1.0184e+11 -2.6161e+09
  7.7223e+01  5.0371e+11  1.0207e+11  2.6263e+09 -5.0368e+11 -1.0235e+11 -2.6262e+09
  7.7323e+01  5.0632e+11  1.0258e+11  2.6366e+09 -5.0630e+11 -1.0286e+11 -2.6365e+09
  7.7423e+01  5.0894e+11  1.0310e+11  2.6468e+09 -5.0892e+11 -1.0338e+11 -2.6467e+09
  7.7522e+01  5.1158e+11  1.0362e+11  2.6571e+09 -5.1156e+11 -1.0390e+11 -2.6570e+09
  7.7622e+01  5.1422e+11  1.0414e+11  2.6673e+09 -5.1420e+11 -1.0442e+11 -2.6672e+09
  7.7722e+01  5.1688e+11  1.0466e+11  2.6777e+09 -5.1686e+11 -1.0494e+11 -2.6776e+09
  7.7822e+01  5.1955e+11  1.0518e+11  2.6880e+09 -5.1952e+11 -1.0547e+11 -2.6879e+09
  7.7922e+01  5.2222e+11  1.0571e+11  2.6984e+09 -5.2220e+11 -1.0600e+11 -2.6983e+09
  7.8022e+01  5.2491e+11  1.0624e+11  2.7088e+09 -5.2488e+11 -1.0652e+11 -2.7087e+09
  7.8122e+01  5.2760e+11  1.0677e+11  2.7192e+09 -5.2758e+11 -1.0706e+11 -2.7191e+09
  7.8222e+01  5.3031e+11  1.0730e+11  2.7296e+09 -5.3029e+11 -1.0759e+11 -2.7295e+09
  7.8322e+01  5.3303e+11  1.0783e+11  2.7401e+09 -5.3300e+11 -1.0812e+11 -2.7400e+09
  7.8422e+01  5.3576e+11  1.0837e+11  2.7506e+09 -5.3573e+11 -1.0866e+11 -2.7505e+09
  7.8521e+01  5.3849e+11  1.0891e+11  2.7612e+09 -5.3847e+11 -1.0920e+11 -2.7610e+09
  7.8621e+01  5.4124e+11  1.0945e+11  2.7717e+09 -5.4122e+11 -1.0974e+11 -2.7716e+09
  7.8721e+01  5.4400e+11  1.0999e+11  2.7823e+09 -5.4398e+11 -1.1028e+11 -2.7822e+09
  7.8821e+01  5.4677e+11  1.1053e+11  2.7929e+09 -5.4675e+11 -1.1083e+11 -2.7928e+09
  7.8921e+01  5.4955e+11  1.1108e+11  2.8035e+09 -5.4953e+11 -1.1137e+11 -2.8034e+09
  7.9021e+01  5.5234e+11  1.1163e+11  2.8142e+09 -5.5232e+11 -1.1192e+11 -2.8141e+09
  7.9121e+01  5.5515e+11  1.1218e+11  2.8249e+09 -5.5512e+11 -1.1247e+11 -2.8248e+09
  7.9221e+01  5.5796e+11  1.1273e+11  2.8356e+09 -5.5793e+11 -1.1302e+11 -2.8355e+09
  7.9321e+01  5.6078e+11  1.1329e+11  2.8464e+09 -5.6075e+11 -1.1358e+11 -2.8462e+09
  7.9421e+01  5.6361e+11  1.1384e+11  2.8571e+09 -5.6359e+11 -1.1414e+11 -2.8570e+09
  7.9520e+01  5.6646e+11  1.1440e+11  2.8679e+09 -5.6643e+11 -1.1469e+11 -2.8678e+09
  7.9620e+01  5.6931e+11  1.1496e+11  2.8788e+09 -5.6929e+11 -1.1526e+11 -2.8786e+09
  7.9720e+01  5.7218e+11  1.1552e+11  2.8896e+09 -5.7215e+11 -1.1582e+11 -2.8895e+09
  7.9820e+01  5.7506e+11  1.1609e+11  2.9005e+09 -5.7503e+11 -1.1638e+11 -2.9004e+09
  7.9920e+01  5.7794e+11  1.1665e+11  2.9114e+09 -5.7792e+11 -1.1695e+11 -2.9113e+09
  8.0020e+01  5.8084e+11  1.1722e+11  2.9224e+09 -5.8081e+11 -1.1752e+11 -2.9222e+09
  8.0120e+01  5.8375e+11  1.1779e+11  2.9333e+09 -5.8372e+11 -1.1809e+11 -2.9332e+09
  8.0220e+01  5.8667e+11  1.1837e+11  2.9443e+09 -5.8664e+11 -1.1866e+11 -2.9442e+09
  8.0320e+01  5.8960e+11  1.1894e+11  2.9553e+09 -5.8957e+11 -1.1924e+11 -2.9552e+09
  8.0420e+01  5.9254e+11  1.1952e+11  2.9664e+09 -5.9252e+11 -1.1982e+11 -2.9662e+09
  8.0519e+01  5.9550e+11  1.2010e+11  2.9774e+09 -5.9547e+11 -1.2040e+11 -2.9773e+09
  8.0619e+01  5.9846e+11  1.2068e+11  2.9885e+09 -5.9843e+11 -1.2098e+11 -2.9884e+09
  8.0719e+01  6.0144e+11  1.2126e+11  2.9997e+09 -6.0141e+11 -1.2156e+11 -2.9995e+09
  8.0819e+01  6.0442e+11  1.2185e+11  3.0108e+09 -6.0439e+11 -1.2215e+11 -3.0107e+09
  8.0919e+01  6.0742e+11  1.2243e+11  3.0220e+09 -6.0739e+11 -1.2274e+11 -3.0219e+09
  8.1019e+01  6.1043e+11  1.2302e+11  3.0332e+09 -6.1040e+11 -1.2333e+11 -3.0331e+09
  8.1119e+01  6.1345e+11  1.2362e+11  3.0445e+09 -6.1342e+11 -1.2392e+11 -3.0443e+09
  8.1219e+01  6.1648e+11  1.2421e+11  3.0557e+09 -6.1645e+11 -1.2451e+11 -3.0556e+09
  8.1319e+01  6.1952e+11  1.2481e+11  3.0670e+09 -6.1949e+11 -1.2511e+11 -3.0669e+09
  8.1419e+01  6.2257e+11  1.2540e+11  3.0784e+09 -6.2255e+11 -1.2571e+11 -3.0782e+09
  8.1518e+01  6.2564e+11  1.2600e+11  3.0897e+09 -6.2561e+11 -1.2631e+11 -3.0896e+09
  8.1618e+01  6.2871e+11  1.2661e+11  3.1011e+09 -6.2869e+11 -1.2691e+11 -3.1009e+09
  8.1718e+01  6.3180e+11  1.2721e+11  3.1125e+09 -6.3177e+11 -1.2752e+11 -3.1123e+09
  8.1818e+01  6.3490e+11  1.2782e+11  3.1239e+09 -6.3487e+11 -1.2812e+11 -3.1238e+09
  8.1918e+01  6.3801e+11  1.2843e+11  3.1354e+09 -6.3798e+11 -1.2873e+11 -3.1352e+09
  8.2018e+01  6.4113e+11  1.2904e+11  3.1469e+09 -6.4110e+11 -1.2934e+11 -3.1467e+09
  8.2118e+01  6.4426e+11  1.2965e+11  3.1584e+09 -6.4423e+11 -1.2996e+11 -3.1582e+09
  8.2218e+01  6.4741e+11  1.3027e+11  3.1699e+09 -6.4738e+11 -1.3057e+11 -3.1698e+09
  8.2318e+01  6.5056e+11  1.3088e+11  3.1815e+09 -6.5053e+11 -1.3119e+11 -3.1814e+09
  8.2418e+01  6.5373e+11  1.3150e+11  3.1931e+09 -6.5370e+11 -1.3181e+11 -3.1930e+09
  8.2517e+01  6.5691e+11  1.3213e+11  3.2047e+09 -6.5688e+11 -1.3243e+11 -3.2046e+09
  8.2617e+01  6.6010e+11  1.3275e+11  3.2164e+09 -6.6007e+11 -1.3306e+11 -3.2162e+09
  8.2717e+01  6.6330e+11  1.3338e+11  3.2281e+09 -6.6327e+11 -1.3369e+11 -3.2279e+09
  8.2817e+01  6.6651e+11  1.3400e+11  3.2398e+09 -6.6648e+11 -1.3432e+11 -3.2396e+09
  8.2917e+01  6.6974e+11  1.3464e+11  3.2515e+09 -6.6971e+11 -1.3495e+11 -3.2514e+09
  8.3017e+01  6.7298e+11  1.3527e+11  3.2633e+09 -6.7295e+11 -1.3558e+11 -3.2632e+09
  8.3117e+01  6.7623e+11  1.3590e+11  3.2751e+09 -6.7619e+11 -1.3622e+11 -3.2750e+09
  8.3217e+01  6.7949e+11  1.3654e+11  3.2869e+09 -6.7946e+11 -1.3685e+11 -3.2868e+09
  8.3317e+01  6.8276e+11  1.3718e+11  3.2988e+09 -6.8273e+11 -1.3749e+11 -3.2986e+09
  8.3417e+01  6.8604e+11  1.3782e+11  3.3107e+09 -6.8601e+11 -1.3814e+11 -3.3105e+09
  8.3516e+01  6.8934e+11  1.3847e+11  3.3226e+09 -6.8931e+11 -1.3878e+11 -3.3224e+09
  8.3616e+01  6.9265e+11  1.3911e+11  3.3345e+09 -6.9261e+11 -1.3943e+11 -3.3344e+09
  8.3716e+01  6.9597e+11  1.3976e+11  3.3465e+09 -6.9593e+11 -1.4008e+11 -3.3463e+09
  8.3816e+01  6.9930e+11  1.4041e+11  3.3585e+09 -6.9926e+11 -1.4073e+11 -3.3583e+09
  8.3916e+01  7.0264e+11  1.4107e+11  3.3705e+09 -7.0261e+11 -1.4138e+11 -3.3704e+09
  8.4016e+01  7.0600e+11  1.4172e+11  3.3826e+09 -7.0596e+11 -1.4204e+11 -3.3824e+09
  8.4116e+01  7.0936e+11  1.4238e+11  3.3947e+09 -7.0933e+11 -1.4270e+11 -3.3945e+09
  8.4216e+01  7.1274e+11  1.4304e+11  3.4068e+09 -7.1271e+11 -1.4336e+11 -3.4066e+09
  8.4316e+01  7.1613e+11  1.4370e+11  3.4189e+09 -7.1610e+11 -1.4402e+11 -3.4188e+09
  8.4416e+01  7.1954e+11  1.4437e+11  3.4311e+09 -7.1950e+11 -1.4469e+11 -3.4309e+09
  8.4515e+01  7.2295e+11  1.4503e+11  3.4433e+09 -7.2292e+11 -1.4535e+11 -3.4431e+09
  8.4615e+01  7.2638e+11  1.4570e+11  3.4556e+09 -7.2635e+11 -1.4602e+11 -3.4554e+09
  8.4715e+01  7.2982e+11  1.4638e+11  3.4678e+09 -7.2979e+11 -1.4670e+11 -3.4676e+09
  8.4815e+01  7.3327e+11  1.4705e+11  3.4801e+09 -7.3324e+11 -1.4737e+11 -3.4799e+09
  8.4915e+01  7.3674e+11  1.4773e+11  3.4924e+09 -7.3670e+11 -1.4805e+11 -3.4922e+09
  8.5015e+01  7.4021e+11  1.4840e+11  3.5048e+09 -7.4018e+11 -1.4873e+11 -3.5046e+09
  8.5115e+01  7.4370e+11  1.4909e+11  3.5171e+09 -7.4367e+11 -1.4941e+11 -3.5169e+09
  8.5215e+01  7.4720e+11  1.4977e+11  3.5295e+09 -7.4717e+11 -1.5009e+11 -3.5293e+09
  8.5315e+01  7.5072e+11  1.5045e+11  3.5420e+09 -7.5068e+11 -1.5078e+11 -3.5418e+09
  8.5415e+01  7.5424e+11  1.5114e+11  3.5544e+09 -7.5421e+11 -1.5147e+11 -3.5542e+09
  8.5514e+01  7.5778e+11  1.5183e+11  3.5669e+09 -7.5775e+11 -1.5216e+11 -3.5667e+09
  8.5614e+01  7.6133e+11  1.5253e+11  3.5794e+09 -7.6130e+11 -1.5285e+11 -3.5792e+09
  8.5714e+01  7.6490e+11  1.5322e+11  3.5920e+09 -7.6486e+11 -1.5355e+11 -3.5918e+09
  8.5814e+01  7.6847e+11  1.5392e+11  3.6046e+09 -7.6844e+11 -1.5424e+11 -3.6044e+09
  8.5914e+01  7.7206e+11  1.5462e+11  3.6172e+09 -7.7203e+11 -1.5494e+11 -3.6170e+09
  8.6014e+01  7.7566e+11  1.5532e+11  3.6298e+09 -7.7563e+11 -1.5565e+11 -3.6296e+09
  8.6114e+01  7.7928e+11  1.5603e+11  3.6425e+09 -7.7924e+11 -1.5635e+11 -3.6423e+09
  8.6214e+01  7.8290e+11  1.5673e+11  3.6552e+09 -7.8287e+11 -1.5706e+11 -3.6550e+09
  8.6314e+01  7.8654e+11  1.5744e+11  3.6679e+09 -7.8650e+11 -1.5777e+11 -3.6677e+09
  8.6414e+01  7.9019e+11  1.5815e+11  3.6807e+09 -7.9016e+11 -1.5848e+11 -3.6805e+09
  8.6513e+01  7.9386e+11  1.5887e+11  3.6935e+09 -7.9382e+11 -1.5920e+11 -3.6932e+09
  8.6613e+01  7.9753e+11  1.5958e+11  3.7063e+09 -7.9750e+11 -1.5991e+11 -3.7061e+09
  8.6713e+01  8.0122e+11  1.6030e+11  3.7191e+09 -8.0119e+11 -1.6063e+11 -3.7189e+09
  8.6813e+01  8.0492e+11  1.6102e+11  3.7320e+09 -8.0489e+11 -1.6136e+11 -3.7318e+09
  8.6913e+01  8.0864e+11  1.6175e+11  3.7449e+09 -8.0860e+11 -1.6208e+11 -3.7447e+09
  8.7013e+01  8.1237e+11  1.6247e+11  3.7578e+09 -8.1233e+11 -1.6281e+11 -3.7576e+09
  8.7113e+01  8.1611e+11  1.6320e+11  3.7708e+09 -8.1607e+11 -1.6354e+11 -3.7706e+09
  8.7213e+01  8.1986e+11  1.6393e+11  3.7838e+09 -8.1983e+11 -1.6427e+11 -3.7836e+09
  8.7313e+01  8.2363e+11  1.6467e+11  3.7968e+09 -8.2359e+11 -1.6500e+11 -3.7966e+09
  8.7413e+01  8.2741e+11  1.6540e+11  3.8099e+09 -8.2737e+11 -1.6574e+11 -3.8096e+09
  8.7512e+01  8.3120e+11  1.6614e+11  3.8229e+09 -8.3116e+11 -1.6648e+11 -3.8227e+09
  8.7612e+01  8.3501e+11  1.6688e+11  3.8360e+09 -8.3497e+11 -1.6722e+11 -3.8358e+09
  8.7712e+01  8.3883e+11  1.6763e+11  3.8492e+09 -8.3879e+11 -1.6796e+11 -3.8490e+09
  8.7812e+01  8.4266e+11  1.6837e+11  3.8624e+09 -8.4262e+11 -1.6871e+11 -3.8621e+09
  8.7912e+01  8.4650e+11  1.6912e+11  3.8756e+09 -8.4646e+11 -1.6946e+11 -3.8753e+09
  8.8012e+01  8.5036e+11  1.6987e+11  3.8888e+09 -8.5032e+11 -1.7021e+11 -3.8886e+09
  8.8112e+01  8.5423e+11  1.7063e+11  3.9021e+09 -8.5419e+11 -1.7096e+11 -3.9018e+09
  8.8212e+01  8.5812e+11  1.7138e+11  3.9154e+09 -8.5808e+11 -1.7172e+11 -3.9151e+09
  8.8312e+01  8.6201e+11  1.7214e+11  3.9287e+09 -8.6198e+11 -1.7248e+11 -3.9284e+09
  8.8412e+01  8.6593e+11  1.7290e+11  3.9420e+09 -8.6589e+11 -1.7324e+11 -3.9418e+09
  8.8511e+01  8.6985e+11  1.7367e+11  3.9554e+09 -8.6981e+11 -1.7400e+11 -3.9552e+09
  8.8611e+01  8.7379e+11  1.7443e+11  3.9688e+09 -8.7375e+11 -1.7477e+11 -3.9686e+09
  8.8711e+01  8.7774e+11  1.7520e+11  3.9823e+09 -8.7770e+11 -1.7554e+11 -3.9820e+09
  8.8811e+01  8.8170e+11  1.7597e+11  3.9957e+09 -8.8166e+11 -1.7631e+11 -3.9955e+09
  8.8911e+01  8.8568e+11  1.7675e+11  4.0092e+09 -8.8564e+11 -1.7709e+11 -4.0090e+09
  8.9011e+01  8.8967e+11  1.7752e+11  4.0228e+09 -8.8963e+11 -1.7786e+11 -4.0225e+09
  8.9111e+01  8.9368e+11  1.7830e+11  4.0363e+09 -8.9364e+11 -1.7864e+11 -4.0361e+09
  8.9211e+01  8.9769e+11  1.7908e+11  4.0499e+09 -8.9765e+11 -1.7942e+11 -4.0497e+09
  8.9311e+01  9.0173e+11  1.7987e+11  4.0636e+09 -9.0169e+11 -1.8021e+11 -4.0633e+09
  8.9411e+01  9.0577e+11  1.8065e+11  4.0772e+09 -9.0573e+11 -1.8100e+11 -4.0770e+09
  8.9510e+01  9.0983e+11  1.8144e+11  4.0909e+09 -9.0979e+11 -1.8178e+11 -4.0906e+09
  8.9610e+01  9.1390e+11  1.8223e+11  4.1046e+09 -9.1386e+11 -1.8258e+11 -4.1044e+09
  8.9710e+01  9.1799e+11  1.8303e+11  4.1184e+09 -9.1795e+11 -1.8337e+11 -4.1181e+09
  8.9810e+01  9.2209e+11  1.8382e+11  4.1322e+09 -9.2205e+11 -1.8417e+11 -4.1319e+09
  8.9910e+01  9.2620e+11  1.8462e+11  4.1460e+09 -9.2616e+11 -1.8497e+11 -4.1457e+09
  9.0010e+01  9.3033e+11  1.8543e+11  4.1598e+09 -9.3029e+11 -1.8577e+11 -4.1595e+09
  9.0110e+01  9.3447e+11  1.8623e+11  4.1737e+09 -9.3443e+11 -1.8658e+11 -4.1734e+09
  9.0210e+01  9.3863e+11  1.8704e+11  4.1876e+09 -9.3858e+11 -1.8738e+11 -4.1873e+09
  9.0310e+01  9.4279e+11  1.8785e+11  4.2015e+09 -9.4275e+11 -1.8819e+11 -4.2012e+09
  9.0410e+01  9.4698e+11  1.8866e+11  4.2155e+09 -9.4693e+11 -1.8901e+11 -4.2152e+09
  9.0509e+01  9.5117e+11  1.8947e+11  4.2295e+09 -9.5113e+11 -1.8982e+11 -4.2292e+09
  9.0609e+01  9.5538e+11  1.9029e+11  4.2435e+09 -9.5534e+11 -1.9064e+11 -4.2432e+09
  9.0709e+01  9.5961e+11  1.9111e+11  4.2575e+09 -9.5956e+11 -1.9146e+11 -4.2573e+09
  9.0809e+01  9.6385e+11  1.9194e+11  4.2716e+09 -9.6380e+11 -1.9229e+11 -4.2714e+09
  9.0909e+01  9.6810e+11  1.9276e+11  4.2858e+09 -9.6806e+11 -1.9311e+11 -4.2855e+09
  9.1009e+01  9.7236e+11  1.9359e+11  4.2999e+09 -9.7232e+11 -1.9394e+11 -4.2996e+09
  9.1109e+01  9.7665e+11  1.9442e+11  4.3141e+09 -9.7660e+11 -1.9477e+11 -4.3138e+09
  9.1209e+01  9.8094e+11  1.9525e+11  4.3283e+09 -9.8090e+11 -1.9561e+11 -4.3280e+09
  9.1309e+01  9.8525e+11  1.9609e+11  4.3425e+09 -9.8521e+11 -1.9644e+11 -4.3422e+09
  9.1409e+01  9.8957e+11  1.9693e+11  4.3568e+09 -9.8953e+11 -1.9728e+11 -4.3565e+09
  9.1508e+01  9.9391e+11  1.9777e+11  4.3711e+09 -9.9386e+11 -1.9812e+11 -4.3708e+09
  9.1608e+01  9.9826e+11  1.9862e+11  4.3855e+09 -9.9822e+11 -1.9897e+11 -4.3852e+09
  9.1708e+01  1.0026e+12  1.9946e+11  4.3998e+09 -1.0026e+12 -1.9982e+11 -4.3995e+09
  9.1808e+01  1.0070e+12  2.0031e+11  4.4142e+09 -1.0070e+12 -2.0067e+11 -4.4139e+09
  9.1908e+01  1.0114e+12  2.0116e+11  4.4287e+09 -1.0114e+12 -2.0152e+11 -4.4284e+09
  9.2008e+01  1.0158e+12  2.0202e+11  4.4431e+09 -1.0158e+12 -2.0238e+11 -4.4428e+09
  9.2108e+01  1.0202e+12  2.0288e+11  4.4576e+09 -1.0202e+12 -2.0323e+11 -4.4573e+09
  9.2208e+01  1.0247e+12  2.0374e+11  4.4721e+09 -1.0246e+12 -2.0410e+11 -4.4718e+09
  9.2308e+01  1.0291e+12  2.0460e+11  4.4867e+09 -1.0291e+12 -2.0496e+11 -4.4864e+09
  9.2408e+01  1.0336e+12  2.0547e+11  4.5013e+09 -1.0335e+12 -2.0583e+11 -4.5010e+09
  9.2507e+01  1.0381e+12  2.0634e+11  4.5159e+09 -1.0380e+12 -2.0670e+11 -4.5156e+09
  9.2607e+01  1.0426e+12  2.0721e+11  4.5305e+09 -1.0425e+12 -2.0757e+11 -4.5302e+09
  9.2707e+01  1.0471e+12  2.0808e+11  4.5452e+09 -1.0470e+12 -2.0844e+11 -4.5449e+09
  9.2807e+01  1.0516e+12  2.0896e+11  4.5599e+09 -1.0516e+12 -2.0932e+11 -4.5596e+09
  9.2907e+01  1.0561e+12  2.0984e+11  4.5747e+09 -1.0561e+12 -2.1020e+11 -4.5744e+09
  9.3007e+01  1.0607e+12  2.1072e+11  4.5895e+09 -1.0606e+12 -2.1108e+11 -4.5892e+09
  9.3107e+01  1.0653e+12  2.1161e+11  4.6043e+09 -1.0652e+12 -2.1197e+11 -4.6040e+09
  9.3207e+01  1.0698e+12  2.1250e+11  4.6191e+09 -1.0698e+12 -2.1286e+11 -4.6188e+09
  9.3307e+01  1.0744e+12  2.1339e+11  4.6340e+09 -1.0744e+12 -2.1375e+11 -4.6337e+09
  9.3407e+01  1.0791e+12  2.1428e+11  4.6489e+09 -1.0790e+12 -2.1464e+11 -4.6486e+09
  9.3506e+01  1.0837e+12  2.1518e+11  4.6638e+09 -1.0836e+12 -2.1554e+11 -4.6635e+09
  9.3606e+01  1.0883e+12  2.1608e+11  4.6788e+09 -1.0883e+12 -2.1644e+11 -4.6785e+09
  9.3706e+01  1.0930e+12  2.1698e+11  4.6938e+09 -1.0929e+12 -2.1734e+11 -4.6935e+09
  9.3806e+01  1.0977e+12  2.1789e+11  4.7088e+09 -1.0976e+12 -2.1825e+11 -4.7085e+09
  9.3906e+01  1.1023e+12  2.1879e+11  4.7239e+09 -1.1023e+12 -2.1916e+11 -4.7236e+09
  9.4006e+01  1.1070e+12  2.1970e+11  4.7390e+09 -1.1070e+12 -2.2007e+11 -4.7387e+09
  9.4106e+01  1.1118e+12  2.2062e+11  4.7541e+09 -1.1117e+12 -2.2098e+11 -4.7538e+09
  9.4206e+01  1.1165e+12  2.2153e+11  4.7693e+09 -1.1164e+12 -2.2190e+11 -4.7690e+09
  9.4306e+01  1.1212e+12  2.2245e+11  4.7845e+09 -1.1212e+12 -2.2282e+11 -4.7841e+09
  9.4406e+01  1.1260e+12  2.2338e+11  4.7997e+09 -1.1260e+12 -2.2374e+11 -4.7994e+09
  9.4505e+01  1.1308e+12  2.2430e+11  4.8150e+09 -1.1307e+12 -2.2467e+11 -4.8146e+09
  9.4605e+01  1.1356e+12  2.2523e+11  4.8303e+09 -1.1355e+12 -2.2560e+11 -4.8299e+09
  9.4705e+01  1.1404e+12  2.2616e+11  4.8456e+09 -1.1403e+12 -2.2653e+11 -4.8452e+09
  9.4805e+01  1.1452e+12  2.2709e+11  4.8609e+09 -1.1452e+12 -2.2746e+11 -4.8606e+09
  9.4905e+01  1.1501e+12  2.2803e+11  4.8763e+09 -1.1500e+12 -2.2840e+11 -4.8760e+09
  9.5005e+01  1.1549e+12  2.2897e+11  4.8918e+09 -1.1549e+12 -2.2934e+11 -4.8914e+09
  9.5105e+01  1.1598e+12  2.2991e+11  4.9072e+09 -1.1597e+12 -2.3028e+11 -4.9068e+09
  9.5205e+01  1.1647e+12  2.3086e+11  4.9227e+09 -1.1646e+12 -2.3123e+11 -4.9223e+09
  9.5305e+01  1.1696e+12  2.3180e+11  4.9382e+09 -1.1695e+12 -2.3218e+11 -4.9378e+09
  9.5405e+01  1.1745e+12  2.3276e+11  4.9538e+09 -1.1744e+12 -2.3313e+11 -4.9534e+09
  9.5504e+01  1.1794e+12  2.3371e+11  4.9693e+09 -1.1794e+12 -2.3408e+11 -4.9690e+09
  9.5604e+01  1.1844e+12  2.3467e+11  4.9850e+09 -1.1843e+12 -2.3504e+11 -4.9846e+09
  9.5704e+01  1.1893e+12  2.3563e+11  5.0006e+09 -1.1893e+12 -2.3600e+11 -5.0002e+09
  9.5804e+01  1.1943e+12  2.3659e+11  5.0163e+09 -1.1942e+12 -2.3696e+11 -5.0159e+09
  9.5904e+01  1.1993e+12  2.3756e+11  5.0320e+09 -1.1992e+12 -2.3793e+11 -5.0316e+09
  9.6004e+01  1.2043e+12  2.3852e+11  5.0477e+09 -1.2042e+12 -2.3890e+11 -5.0474e+09
  9.6104e+01  1.2093e+12  2.3950e+11  5.0635e+09 -1.2093e+12 -2.3987e+11 -5.0631e+09
  9.6204e+01  1.2144e+12  2.4047e+11  5.0793e+09 -1.2143e+12 -2.4085e+11 -5.0790e+09
  9.6304e+01  1.2194e+12  2.4145e+11  5.0952e+09 -1.2194e+12 -2.4182e+11 -5.0948e+09
  9.6404e+01  1.2245e+12  2.4243e+11  5.1111e+09 -1.2244e+12 -2.4281e+11 -5.1107e+09
  9.6503e+01  1.2296e+12  2.4341e+11  5.1270e+09 -1.2295e+12 -2.4379e+11 -5.1266e+09
  9.6603e+01  1.2347e+12  2.4440e+11  5.1429e+09 -1.2346e+12 -2.4478e+11 -5.1425e+09
  9.6703e+01  1.2398e+12  2.4539e+11  5.1589e+09 -1.2398e+12 -2.4577e+11 -5.1585e+09
  9.6803e+01  1.2449e+12  2.4638e+11  5.1749e+09 -1.2449e+12 -2.4676e+11 -5.1745e+09
  9.6903e+01  1.2501e+12  2.4738e+11  5.1909e+09 -1.2500e+12 -2.4775e+11 -5.1906e+09
  9.7003e+01  1.2553e+12  2.4837e+11  5.2070e+09 -1.2552e+12 -2.4875e+11 -5.2066e+09
  9.7103e+01  1.2604e+12  2.4938e+11  5.2231e+09 -1.2604e+12 -2.4976e+11 -5.2227e+09
  9.7203e+01  1.2656e+12  2.5038e+11  5.2393e+09 -1.2656e+12 -2.5076e+11 -5.2389e+09
  9.7303e+01  1.2709e+12  2.5139e+11  5.2555e+09 -1.2708e+12 -2.5177e+11 -5.2550e+09
  9.7403e+01  1.2761e+12  2.5240e+11  5.2717e+09 -1.2760e+12 -2.5278e+11 -5.2713e+09
  9.7502e+01  1.2813e+12  2.5341e+11  5.2879e+09 -1.2813e+12 -2.5379e+11 -5.2875e+09
  9.7602e+01  1.2866e+12  2.5443e+11  5.3042e+09 -1.2865e+12 -2.5481e+11 -5.3038e+09
  9.7702e+01  1.2919e+12  2.5545e+11  5.3205e+09 -1.2918e+12 -2.5583e+11 -5.3201e+09
  9.7802e+01  1.2972e+12  2.5647e+11  5.3368e+09 -1.2971e+12 -2.5686e+11 -5.3364e+09
  9.7902e+01  1.3025e+12  2.5750e+11  5.3532e+09 -1.3024e+12 -2.5788e+11 -5.3528e+09
  9.8002e+01  1.3078e+12  2.5853e+11  5.3696e+09 -1.3078e+12 -2.5891e+11 -5.3692e+09
  9.8102e+01  1.3132e+12  2.5956e+11  5.3861e+09 -1.3131e+12 -2.5994e+11 -5.3856e+09
  9.8202e+01  1.3185e+12  2.6059e+11  5.4025e+09 -1.3185e+12 -2.6098e+11 -5.4021e+09
  9.8302e+01  1.3239e+12  2.6163e+11  5.4190e+09 -1.3239e+12 -2.6202e+11 -5.4186e+09
  9.8402e+01  1.3293e+12  2.6267e+11  5.4356e+09 -1.3292e+12 -2.6306e+11 -5.4352e+09
  9.8501e+01  1.3347e+12  2.6372e+11  5.4522e+09 -1.3347e+12 -2.6410e+11 -5.4517e+09
  9.8601e+01  1.3401e+12  2.6477e+11  5.4688e+09 -1.3401e+12 -2.6515e+11 -5.4683e+09
  9.8701e+01  1.3456e+12  2.6582e+11  5.4854e+09 -1.3455e+12 -2.6620e+11 -5.4850e+09
  9.8801e+01  1.3510e+12  2.6687e+11  5.5021e+09 -1.3510e+12 -2.6726e+11 -5.5017e+09
  9.8901e+01  1.3565e+12  2.6793e+11  5.5188e+09 -1.3565e+12 -2.6832e+11 -5.5184e+09
  9.9001e+01  1.3620e+12  2.6899e+11  5.5356e+09 -1.3620e+12 -2.6938e+11 -5.5351e+09
  9.9101e+01  1.3675e+12  2.7005e+11  5.5523e+09 -1.3675e+12 -2.7044e+11 -5.5519e+09
  9.9201e+01  1.3731e+12  2.7112e+11  5.5691e+09 -1.3730e+12 -2.7151e+11 -5.5687e+09
  9.9301e+01  1.3786e+12  2.7219e+11  5.5860e+09 -1.3785e+12 -2.7258e+11 -5.5855e+09
  9.9401e+01  1.3842e+12  2.7326e+11  5.6029e+09 -1.3841e+12 -2.7365e+11 -5.6024e+09
  9.9500e+01  1.3897e+12  2.7433e+11  5.6198e+09 -1.3897e+12 -2.7473e+11 -5.6193e+09
  9.9600e+01  1.3953e+12  2.7541e+11  5.6367e+09 -1.3953e+12 -2.7581e+11 -5.6363e+09
  9.9700e+01  1.4009e+12  2.7650e+11  5.6537e+09 -1.4009e+12 -2.7689e+11 -5.6533e+09
  9.9800e+01  1.4066e+12  2.7758e+11  5.6707e+09 -1.4065e+12 -2.7797e+11 -5.6703e+09
  9.9900e+01  1.4122e+12  2.7867e+11  5.6878e+09 -1.4122e+12 -2.7906e+11 -5.6873e+09
  1.0000e+02  1.4179e+12  2.7976e+11  5.7049e+09 -1.4178e+12 -2.8016e+11 -5.7044e+09
