  0.0000e+00  9.4667e-01  1.9271e-02  4.0490e-01
  9.9900e-02  1.2467e+00  5.0269e-02  6.4755e-01
  1.9980e-01  1.5964e+00 -3.1900e-02  8.7852e-01
  2.9970e-01  1.9959e+00 -2.2723e-01  1.0978e+00
  3.9960e-01  2.4452e+00 -5.3573e-01  1.3054e+00
  4.9950e-01  2.9443e+00 -9.5740e-01  1.5014e+00
  5.9940e-01  3.4931e+00 -1.4922e+00  1.6857e+00
  6.9930e-01  4.0917e+00 -2.1402e+00  1.8583e+00
  7.9920e-01  4.7400e+00 -2.9014e+00  2.0192e+00
  8.9910e-01  5.4381e+00 -3.7757e+00  2.1684e+00
  9.9900e-01  6.1860e+00 -4.7632e+00  2.3060e+00
  1.0989e+00  6.9836e+00 -5.8639e+00  2.4319e+00
  1.1988e+00  7.8310e+00 -7.0777e+00  2.5461e+00
  1.2987e+00  8.7281e+00 -8.4047e+00  2.6486e+00
  1.3986e+00  9.6750e+00 -9.8449e+00  2.7395e+00
  1.4985e+00  1.0672e+01 -1.1398e+01  2.8187e+00
  1.5984e+00  1.1718e+01 -1.3065e+01  2.8862e+00
  1.6983e+00  1.2814e+01 -1.4844e+01  2.9420e+00
  1.7982e+00  1.3960e+01 -1.6737e+01  2.9862e+00
  1.8981e+00  1.5156e+01 -1.8743e+01  3.0187e+00
  1.9980e+00  1.6402e+01 -2.0862e+01  3.0395e+00
  2.0979e+00  1.7697e+01 -2.3095e+01  3.0486e+00
  2.1978e+00  1.9042e+01 -2.5440e+01  3.0461e+00
  2.2977e+00  2.0437e+01 -2.7899e+01  3.0319e+00
  2.3976e+00  2.1881e+01 -3.0471e+01  3.0060e+00
  2.4975e+00  2.3375e+01 -3.3156e+01  2.9684e+00
  2.5974e+00  2.4920e+01 -3.5954e+01  2.9191e+00
  2.6973e+00  2.6513e+01 -3.8865e+01  2.8582e+00
  2.7972e+00  2.8157e+01 -4.1889e+01  2.7856e+00
  2.8971e+00  2.9850e+01 -4.5027e+01  2.7014e+00
  2.9970e+00  3.1593e+01 -4.8278e+01  2.6054e+00
  3.0969e+00  3.3386e+01 -5.1642e+01  2.4978e+00
  3.1968e+00  3.5229e+01 -5.5119e+01  2.3785e+00
  3.2967e+00  3.7121e+01 -5.8709e+01  2.2475e+00
  3.3966e+00  3.9064e+01 -6.2413e+01  2.1049e+00
  3.4965e+00  4.1056e+01 -6.6229e+01  1.9505e+00
  3.5964e+00  4.3097e+01 -7.0159e+01  1.7845e+00
  3.6963e+00  4.5189e+01 -7.4202e+01  1.6069e+00
  3.7962e+00  4.7330e+01 -7.8358e+01  1.4175e+00
  3.8961e+00  4.9521e+01 -8.2628e+01  1.2165e+00
  3.9960e+00  5.1762e+01 -8.7010e+01  1.0038e+00
  4.0959e+00  5.4052e+01 -9.1506e+01  7.7939e-01
  4.1958e+00  5.6393e+01 -9.6115e+01  5.4333e-01
  4.2957e+00  5.8783e+01 -1.0084e+02  2.9560e-01
  4.3956e+00  6.1222e+01 -1.0567e+02  3.6189e-02
  4.4955e+00  6.3712e+01 -1.1062e+02 -2.3490e-01
  4.5954e+00  6.6251e+01 -1.1568e+02 -5.1766e-01
  4.6953e+00  6.8840e+01 -1.2086e+02 -8.1209e-01
  4.7952e+00  7.1479e+01 -1.2614e+02 -1.1182e+00
  4.8951e+00  7.4168e+01 -1.3154e+02 -1.4360e+00
  4.9950e+00  7.6906e+01 -1.3706e+02 -1.7655e+00
  5.0949e+00  7.9694e+01 -1.4269e+02 -2.1066e+00
  5.1948e+00  8.2532e+01 -1.4843e+02 -2.4594e+00
  5.2947e+00  8.5420e+01 -1.5428e+02 -2.8239e+00
  5.3946e+00  8.8358e+01 -1.6025e+02 -3.2001e+00
  5.4945e+00  9.1345e+01 -1.6633e+02 -3.5879e+00
  5.5944e+00  9.4382e+01 -1.7252e+02 -3.9874e+00
  5.6943e+00  9.7468e+01 -1.7883e+02 -4.3986e+00
  5.7942e+00  1.0060e+02 -1.8525e+02 -4.8215e+00
  5.8941e+00  1.0379e+02 -1.9178e+02 -5.2560e+00
  5.9940e+00  1.0703e+02 -1.9842e+02 -5.7022e+00
  6.0939e+00  1.1031e+02 -2.0518e+02 -6.1601e+00
  6.1938e+00  1.1365e+02 -2.1206e+02 -6.6297e+00
  6.2937e+00  1.1703e+02 -2.1904e+02 -7.1110e+00
  6.3936e+00  1.2047e+02 -2.2614e+02 -7.6039e+00
  6.4935e+00  1.2395e+02 -2.3335e+02 -8.1085e+00
  6.5934e+00  1.2749e+02 -2.4068e+02 -8.6248e+00
  6.6933e+00  1.3107e+02 -2.4811e+02 -9.1527e+00
  6.7932e+00  1.3471e+02 -2.5566e+02 -9.6923e+00
  6.8931e+00  1.3839e+02 -2.6333e+02 -1.0244e+01
  6.9930e+00  1.4212e+02 -2.7111e+02 -1.0807e+01
  7.0929e+00  1.4591e+02 -2.7900e+02 -1.1381e+01
  7.1928e+00  1.4974e+02 -2.8700e+02 -1.1968e+01
  7.2927e+00  1.5362e+02 -2.9512e+02 -1.2566e+01
  7.3926e+00  1.5756e+02 -3.0335e+02 -1.3175e+01
  7.4925e+00  1.6154e+02 -3.1169e+02 -1.3797e+01
  7.5924e+00  1.6557e+02 -3.2015e+02 -1.4430e+01
  7.6923e+00  1.6965e+02 -3.2872e+02 -1.5074e+01
  7.7922e+00  1.7379e+02 -3.3740e+02 -1.5731e+01
  7.8921e+00  1.7797e+02 -3.4620e+02 -1.6399e+01
  7.9920e+00  1.8220e+02 -3.5510e+02 -1.7079e+01
  8.0919e+00  1.8648e+02 -3.6413e+02 -1.7770e+01
  8.1918e+00  1.9081e+02 -3.7326e+02 -1.8473e+01
  8.2917e+00  1.9519e+02 -3.8251e+02 -1.9188e+01
  8.3916e+00  1.9962e+02 -3.9187e+02 -1.9914e+01
  8.4915e+00  2.0410e+02 -4.0135e+02 -2.0652e+01
  8.5914e+00  2.0863e+02 -4.1094e+02 -2.1402e+01
  8.6913e+00  2.1321e+02 -4.2064e+02 -2.2164e+01
  8.7912e+00  2.1784e+02 -4.3045e+02 -2.2937e+01
  8.8911e+00  2.2252e+02 -4.4038e+02 -2.3722e+01
  8.9910e+00  2.2725e+02 -4.5042e+02 -2.4518e+01
  9.0909e+00  2.3203e+02 -4.6057e+02 -2.5326e+01
  9.1908e+00  2.3686e+02 -4.7084e+02 -2.6146e+01
  9.2907e+00  2.4173e+02 -4.8122e+02 -2.6978e+01
  9.3906e+00  2.4666e+02 -4.9171e+02 -2.7821e+01
  9.4905e+00  2.5164e+02 -5.0232e+02 -2.8676e+01
  9.5904e+00  2.5667e+02 -5.1304e+02 -2.9542e+01
  9.6903e+00  2.6174e+02 -5.2387e+02 -3.0420e+01
  9.7902e+00  2.6687e+02 -5.3482e+02 -3.1310e+01
  9.8901e+00  2.7205e+02 -5.4588e+02 -3.2212e+01
  9.9900e+00  2.7727e+02 -5.5705e+02 -3.3125e+01
  1.0090e+01  2.8255e+02 -5.6834e+02 -3.4050e+01
  1.0190e+01  2.8788e+02 -5.7974e+02 -3.4987e+01
  1.0290e+01  2.9325e+02 -5.9125e+02 -3.5935e+01
  1.0390e+01  2.9868e+02 -6.0287e+02 -3.6895e+01
  1.0490e+01  3.0415e+02 -6.1461e+02 -3.7867e+01
  1.0589e+01  3.0968e+02 -6.2646e+02 -3.8850e+01
  1.0689e+01  3.1525e+02 -6.3843e+02 -3.9845e+01
  1.0789e+01  3.2088e+02 -6.5051e+02 -4.0851e+01
  1.0889e+01  3.2655e+02 -6.6270e+02 -4.1870e+01
  1.0989e+01  3.3228e+02 -6.7500e+02 -4.2900e+01
  1.1089e+01  3.3805e+02 -6.8742e+02 -4.3942e+01
  1.1189e+01  3.4387e+02 -6.9995e+02 -4.4995e+01
  1.1289e+01  3.4975e+02 -7.1259e+02 -4.6060e+01
  1.1389e+01  3.5567e+02 -7.2535e+02 -4.7137e+01
  1.1489e+01  3.6164e+02 -7.3822e+02 -4.8225e+01
  1.1588e+01  3.6767e+02 -7.5120e+02 -4.9325e+01
  1.1688e+01  3.7374e+02 -7.6430e+02 -5.0437e+01
  1.1788e+01  3.7986e+02 -7.7751e+02 -5.1560e+01
  1.1888e+01  3.8603e+02 -7.9083e+02 -5.2695e+01
  1.1988e+01  3.9226e+02 -8.0427e+02 -5.3842e+01
  1.2088e+01  3.9853e+02 -8.1781e+02 -5.5000e+01
  1.2188e+01  4.0485e+02 -8.3148e+02 -5.6171e+01
  1.2288e+01  4.1122e+02 -8.4525e+02 -5.7352e+01
  1.2388e+01  4.1764e+02 -8.5914e+02 -5.8546e+01
  1.2488e+01  4.2411e+02 -8.7314e+02 -5.9751e+01
  1.2587e+01  4.3063e+02 -8.8726e+02 -6.0968e+01
  1.2687e+01  4.3720e+02 -9.0148e+02 -6.2196e+01
  1.2787e+01  4.4382e+02 -9.1582e+02 -6.3437e+01
  1.2887e+01  4.5049e+02 -9.3028e+02 -6.4688e+01
  1.2987e+01  4.5721e+02 -9.4485e+02 -6.5952e+01
  1.3087e+01  4.6398e+02 -9.5953e+02 -6.7227e+01
  1.3187e+01  4.7080e+02 -9.7432e+02 -6.8514e+01
  1.3287e+01  4.7767e+02 -9.8923e+02 -6.9812e+01
  1.3387e+01  4.8459e+02 -1.0042e+03 -7.1123e+01
  1.3487e+01  4.9155e+02 -1.0194e+03 -7.2445e+01
  1.3586e+01  4.9857e+02 -1.0346e+03 -7.3778e+01
  1.3686e+01  5.0564e+02 -1.0500e+03 -7.5123e+01
  1.3786e+01  5.1276e+02 -1.0655e+03 -7.6480e+01
  1.3886e+01  5.1993e+02 -1.0810e+03 -7.7849e+01
  1.3986e+01  5.2714e+02 -1.0967e+03 -7.9229e+01
  1.4086e+01  5.3441e+02 -1.1126e+03 -8.0621e+01
  1.4186e+01  5.4173e+02 -1.1285e+03 -8.2025e+01
  1.4286e+01  5.4909e+02 -1.1445e+03 -8.3440e+01
  1.4386e+01  5.5651e+02 -1.1607e+03 -8.4867e+01
  1.4486e+01  5.6397e+02 -1.1769e+03 -8.6306e+01
  1.4585e+01  5.7149e+02 -1.1933e+03 -8.7756e+01
  1.4685e+01  5.7906e+02 -1.2098e+03 -8.9218e+01
  1.4785e+01  5.8667e+02 -1.2264e+03 -9.0692e+01
  1.4885e+01  5.9434e+02 -1.2431e+03 -9.2177e+01
  1.4985e+01  6.0205e+02 -1.2600e+03 -9.3674e+01
  1.5085e+01  6.0981e+02 -1.2769e+03 -9.5183e+01
  1.5185e+01  6.1763e+02 -1.2940e+03 -9.6703e+01
  1.5285e+01  6.2549e+02 -1.3111e+03 -9.8235e+01
  1.5385e+01  6.3341e+02 -1.3284e+03 -9.9779e+01
  1.5485e+01  6.4137e+02 -1.3458e+03 -1.0133e+02
  1.5584e+01  6.4938e+02 -1.3633e+03 -1.0290e+02
  1.5684e+01  6.5745e+02 -1.3809e+03 -1.0448e+02
  1.5784e+01  6.6556e+02 -1.3987e+03 -1.0607e+02
  1.5884e+01  6.7372e+02 -1.4165e+03 -1.0767e+02
  1.5984e+01  6.8193e+02 -1.4345e+03 -1.0929e+02
  1.6084e+01  6.9020e+02 -1.4526e+03 -1.1091e+02
  1.6184e+01  6.9851e+02 -1.4708e+03 -1.1255e+02
  1.6284e+01  7.0687e+02 -1.4891e+03 -1.1420e+02
  1.6384e+01  7.1528e+02 -1.5075e+03 -1.1586e+02
  1.6484e+01  7.2374e+02 -1.5260e+03 -1.1753e+02
  1.6583e+01  7.3225e+02 -1.5446e+03 -1.1921e+02
  1.6683e+01  7.4081e+02 -1.5634e+03 -1.2091e+02
  1.6783e+01  7.4942e+02 -1.5823e+03 -1.2262e+02
  1.6883e+01  7.5808e+02 -1.6012e+03 -1.2434e+02
  1.6983e+01  7.6679e+02 -1.6203e+03 -1.2607e+02
  1.7083e+01  7.7555e+02 -1.6395e+03 -1.2781e+02
  1.7183e+01  7.8436e+02 -1.6589e+03 -1.2956e+02
  1.7283e+01  7.9322e+02 -1.6783e+03 -1.3133e+02
  1.7383e+01  8.0213e+02 -1.6978e+03 -1.3311e+02
  1.7483e+01  8.1109e+02 -1.7175e+03 -1.3489e+02
  1.7582e+01  8.2010e+02 -1.7373e+03 -1.3670e+02
  1.7682e+01  8.2916e+02 -1.7572e+03 -1.3851e+02
  1.7782e+01  8.3827e+02 -1.7772e+03 -1.4033e+02
  1.7882e+01  8.4742e+02 -1.7973e+03 -1.4217e+02
  1.7982e+01  8.5663e+02 -1.8175e+03 -1.4401e+02
  1.8082e+01  8.6589e+02 -1.8378e+03 -1.4587e+02
  1.8182e+01  8.7520e+02 -1.8583e+03 -1.4774e+02
  1.8282e+01  8.8455e+02 -1.8789e+03 -1.4963e+02
  1.8382e+01  8.9396e+02 -1.8995e+03 -1.5152e+02
  1.8482e+01  9.0342e+02 -1.9203e+03 -1.5343e+02
  1.8581e+01  9.1292e+02 -1.9412e+03 -1.5534e+02
  1.8681e+01  9.2248e+02 -1.9623e+03 -1.5727e+02
  1.8781e+01  9.3208e+02 -1.9834e+03 -1.5921e+02
  1.8881e+01  9.4174e+02 -2.0046e+03 -1.6117e+02
  1.8981e+01  9.5144e+02 -2.0260e+03 -1.6313e+02
  1.9081e+01  9.6120e+02 -2.0475e+03 -1.6511e+02
  1.9181e+01  9.7100e+02 -2.0690e+03 -1.6709e+02
  1.9281e+01  9.8086e+02 -2.0907e+03 -1.6909e+02
  1.9381e+01  9.9076e+02 -2.1125e+03 -1.7110e+02
  1.9481e+01  1.0007e+03 -2.1345e+03 -1.7313e+02
  1.9580e+01  1.0107e+03 -2.1565e+03 -1.7516e+02
  1.9680e+01  1.0208e+03 -2.1787e+03 -1.7721e+02
  1.9780e+01  1.0309e+03 -2.2009e+03 -1.7926e+02
  1.9880e+01  1.0410e+03 -2.2233e+03 -1.8133e+02
  1.9980e+01  1.0512e+03 -2.2458e+03 -1.8341e+02
  2.0080e+01  1.0615e+03 -2.2684e+03 -1.8551e+02
  2.0180e+01  1.0718e+03 -2.2911e+03 -1.8761e+02
  2.0280e+01  1.0821e+03 -2.3139e+03 -1.8973e+02
  2.0380e+01  1.0925e+03 -2.3369e+03 -1.9185e+02
  2.0480e+01  1.1030e+03 -2.3599e+03 -1.9399e+02
  2.0579e+01  1.1135e+03 -2.3831e+03 -1.9614e+02
  2.0679e+01  1.1240e+03 -2.4064e+03 -1.9831e+02
  2.0779e+01  1.1346e+03 -2.4298e+03 -2.0048e+02
  2.0879e+01  1.1453e+03 -2.4533e+03 -2.0267e+02
  2.0979e+01  1.1560e+03 -2.4769e+03 -2.0486e+02
  2.1079e+01  1.1667e+03 -2.5006e+03 -2.0707e+02
  2.1179e+01  1.1775e+03 -2.5245e+03 -2.0929e+02
  2.1279e+01  1.1884e+03 -2.5484e+03 -2.1153e+02
  2.1379e+01  1.1993e+03 -2.5725e+03 -2.1377e+02
  2.1479e+01  1.2102e+03 -2.5967e+03 -2.1603e+02
  2.1578e+01  1.2212e+03 -2.6210e+03 -2.1829e+02
  2.1678e+01  1.2323e+03 -2.6454e+03 -2.2057e+02
  2.1778e+01  1.2434e+03 -2.6699e+03 -2.2286e+02
  2.1878e+01  1.2545e+03 -2.6946e+03 -2.2517e+02
  2.1978e+01  1.2657e+03 -2.7193e+03 -2.2748e+02
  2.2078e+01  1.2770e+03 -2.7442e+03 -2.2981e+02
  2.2178e+01  1.2883e+03 -2.7692e+03 -2.3214e+02
  2.2278e+01  1.2996e+03 -2.7943e+03 -2.3449e+02
  2.2378e+01  1.3110e+03 -2.8195e+03 -2.3686e+02
  2.2478e+01  1.3225e+03 -2.8448e+03 -2.3923e+02
  2.2577e+01  1.3340e+03 -2.8702e+03 -2.4161e+02
  2.2677e+01  1.3455e+03 -2.8958e+03 -2.4401e+02
  2.2777e+01  1.3571e+03 -2.9214e+03 -2.4642e+02
  2.2877e+01  1.3688e+03 -2.9472e+03 -2.4884e+02
  2.2977e+01  1.3805e+03 -2.9731e+03 -2.5127e+02
  2.3077e+01  1.3922e+03 -2.9991e+03 -2.5371e+02
  2.3177e+01  1.4040e+03 -3.0252e+03 -2.5616e+02
  2.3277e+01  1.4158e+03 -3.0514e+03 -2.5863e+02
  2.3377e+01  1.4277e+03 -3.0777e+03 -2.6111e+02
  2.3477e+01  1.4397e+03 -3.1042e+03 -2.6360e+02
  2.3576e+01  1.4517e+03 -3.1308e+03 -2.6610e+02
  2.3676e+01  1.4637e+03 -3.1574e+03 -2.6861e+02
  2.3776e+01  1.4758e+03 -3.1842e+03 -2.7114e+02
  2.3876e+01  1.4880e+03 -3.2111e+03 -2.7367e+02
  2.3976e+01  1.5002e+03 -3.2381e+03 -2.7622e+02
  2.4076e+01  1.5124e+03 -3.2653e+03 -2.7878e+02
  2.4176e+01  1.5247e+03 -3.2925e+03 -2.8135e+02
  2.4276e+01  1.5370e+03 -3.3199e+03 -2.8393e+02
  2.4376e+01  1.5494e+03 -3.3473e+03 -2.8653e+02
  2.4476e+01  1.5619e+03 -3.3749e+03 -2.8913e+02
  2.4575e+01  1.5744e+03 -3.4026e+03 -2.9175e+02
  2.4675e+01  1.5869e+03 -3.4304e+03 -2.9438e+02
  2.4775e+01  1.5995e+03 -3.4583e+03 -2.9702e+02
  2.4875e+01  1.6121e+03 -3.4864e+03 -2.9968e+02
  2.4975e+01  1.6248e+03 -3.5145e+03 -3.0234e+02
  2.5075e+01  1.6376e+03 -3.5428e+03 -3.0502e+02
  2.5175e+01  1.6504e+03 -3.5712e+03 -3.0770e+02
  2.5275e+01  1.6632e+03 -3.5996e+03 -3.1040e+02
  2.5375e+01  1.6761e+03 -3.6282e+03 -3.1312e+02
  2.5475e+01  1.6890e+03 -3.6570e+03 -3.1584e+02
  2.5574e+01  1.7020e+03 -3.6858e+03 -3.1857e+02
  2.5674e+01  1.7151e+03 -3.7147e+03 -3.2132e+02
  2.5774e+01  1.7281e+03 -3.7438e+03 -3.2408e+02
  2.5874e+01  1.7413e+03 -3.7729e+03 -3.2685e+02
  2.5974e+01  1.7545e+03 -3.8022e+03 -3.2963e+02
  2.6074e+01  1.7677e+03 -3.8316e+03 -3.3242e+02
  2.6174e+01  1.7810e+03 -3.8611e+03 -3.3523e+02
  2.6274e+01  1.7943e+03 -3.8907e+03 -3.3804e+02
  2.6374e+01  1.8077e+03 -3.9205e+03 -3.4087e+02
  2.6474e+01  1.8212e+03 -3.9503e+03 -3.4371e+02
  2.6573e+01  1.8347e+03 -3.9803e+03 -3.4656e+02
  2.6673e+01  1.8482e+03 -4.0103e+03 -3.4943e+02
  2.6773e+01  1.8618e+03 -4.0405e+03 -3.5230e+02
  2.6873e+01  1.8754e+03 -4.0708e+03 -3.5519e+02
  2.6973e+01  1.8891e+03 -4.1012e+03 -3.5808e+02
  2.7073e+01  1.9028e+03 -4.1318e+03 -3.6099e+02
  2.7173e+01  1.9166e+03 -4.1624e+03 -3.6392e+02
  2.7273e+01  1.9305e+03 -4.1931e+03 -3.6685e+02
  2.7373e+01  1.9443e+03 -4.2240e+03 -3.6979e+02
  2.7473e+01  1.9583e+03 -4.2550e+03 -3.7275e+02
  2.7572e+01  1.9723e+03 -4.2861e+03 -3.7572e+02
  2.7672e+01  1.9863e+03 -4.3173e+03 -3.7870e+02
  2.7772e+01  2.0004e+03 -4.3486e+03 -3.8169e+02
  2.7872e+01  2.0145e+03 -4.3800e+03 -3.8469e+02
  2.7972e+01  2.0287e+03 -4.4116e+03 -3.8771e+02
  2.8072e+01  2.0429e+03 -4.4432e+03 -3.9073e+02
  2.8172e+01  2.0572e+03 -4.4750e+03 -3.9377e+02
  2.8272e+01  2.0715e+03 -4.5069e+03 -3.9682e+02
  2.8372e+01  2.0859e+03 -4.5389e+03 -3.9988e+02
  2.8472e+01  2.1004e+03 -4.5710e+03 -4.0296e+02
  2.8571e+01  2.1148e+03 -4.6032e+03 -4.0604e+02
  2.8671e+01  2.1294e+03 -4.6355e+03 -4.0914e+02
  2.8771e+01  2.1440e+03 -4.6680e+03 -4.1225e+02
  2.8871e+01  2.1586e+03 -4.7005e+03 -4.1537e+02
  2.8971e+01  2.1733e+03 -4.7332e+03 -4.1850e+02
  2.9071e+01  2.1880e+03 -4.7660e+03 -4.2164e+02
  2.9171e+01  2.2028e+03 -4.7989e+03 -4.2480e+02
  2.9271e+01  2.2176e+03 -4.8319e+03 -4.2796e+02
  2.9371e+01  2.2325e+03 -4.8650e+03 -4.3114e+02
  2.9471e+01  2.2474e+03 -4.8983e+03 -4.3433e+02
  2.9570e+01  2.2624e+03 -4.9316e+03 -4.3753e+02
  2.9670e+01  2.2774e+03 -4.9651e+03 -4.4075e+02
  2.9770e+01  2.2925e+03 -4.9987e+03 -4.4397e+02
  2.9870e+01  2.3076e+03 -5.0324e+03 -4.4721e+02
  2.9970e+01  2.3228e+03 -5.0662e+03 -4.5046e+02
  3.0070e+01  2.3381e+03 -5.1001e+03 -4.5372e+02
  3.0170e+01  2.3533e+03 -5.1341e+03 -4.5699e+02
  3.0270e+01  2.3687e+03 -5.1683e+03 -4.6027e+02
  3.0370e+01  2.3840e+03 -5.2025e+03 -4.6357e+02
  3.0470e+01  2.3995e+03 -5.2369e+03 -4.6687e+02
  3.0569e+01  2.4149e+03 -5.2714e+03 -4.7019e+02
  3.0669e+01  2.4305e+03 -5.3060e+03 -4.7352e+02
  3.0769e+01  2.4461e+03 -5.3407e+03 -4.7687e+02
  3.0869e+01  2.4617e+03 -5.3755e+03 -4.8022e+02
  3.0969e+01  2.4774e+03 -5.4104e+03 -4.8358e+02
  3.1069e+01  2.4931e+03 -5.4455e+03 -4.8696e+02
  3.1169e+01  2.5089e+03 -5.4807e+03 -4.9035e+02
  3.1269e+01  2.5247e+03 -5.5159e+03 -4.9375e+02
  3.1369e+01  2.5406e+03 -5.5513e+03 -4.9716e+02
  3.1469e+01  2.5565e+03 -5.5868e+03 -5.0058e+02
  3.1568e+01  2.5725e+03 -5.6224e+03 -5.0402e+02
  3.1668e+01  2.5885e+03 -5.6582e+03 -5.0747e+02
  3.1768e+01  2.6046e+03 -5.6940e+03 -5.1093e+02
  3.1868e+01  2.6207e+03 -5.7300e+03 -5.1440e+02
  3.1968e+01  2.6369e+03 -5.7660e+03 -5.1788e+02
  3.2068e+01  2.6531e+03 -5.8022e+03 -5.2137e+02
  3.2168e+01  2.6694e+03 -5.8385e+03 -5.2488e+02
  3.2268e+01  2.6857e+03 -5.8749e+03 -5.2839e+02
  3.2368e+01  2.7021e+03 -5.9115e+03 -5.3192e+02
  3.2468e+01  2.7185e+03 -5.9481e+03 -5.3546e+02
  3.2567e+01  2.7350e+03 -5.9848e+03 -5.3901e+02
  3.2667e+01  2.7515e+03 -6.0217e+03 -5.4258e+02
  3.2767e+01  2.7680e+03 -6.0587e+03 -5.4615e+02
  3.2867e+01  2.7847e+03 -6.0958e+03 -5.4974e+02
  3.2967e+01  2.8013e+03 -6.1330e+03 -5.5334e+02
  3.3067e+01  2.8181e+03 -6.1703e+03 -5.5695e+02
  3.3167e+01  2.8348e+03 -6.2077e+03 -5.6057e+02
  3.3267e+01  2.8517e+03 -6.2452e+03 -5.6420e+02
  3.3367e+01  2.8685e+03 -6.2829e+03 -5.6785e+02
  3.3467e+01  2.8854e+03 -6.3207e+03 -5.7151e+02
  3.3566e+01  2.9024e+03 -6.3585e+03 -5.7518e+02
  3.3666e+01  2.9194e+03 -6.3965e+03 -5.7886e+02
  3.3766e+01  2.9365e+03 -6.4346e+03 -5.8255e+02
  3.3866e+01  2.9536e+03 -6.4729e+03 -5.8625e+02
  3.3966e+01  2.9708e+03 -6.5112e+03 -5.8997e+02
  3.4066e+01  2.9880e+03 -6.5496e+03 -5.9369e+02
  3.4166e+01  3.0053e+03 -6.5882e+03 -5.9743e+02
  3.4266e+01  3.0226e+03 -6.6269e+03 -6.0118e+02
  3.4366e+01  3.0400e+03 -6.6656e+03 -6.0495e+02
  3.4466e+01  3.0574e+03 -6.7045e+03 -6.0872e+02
  3.4565e+01  3.0749e+03 -6.7436e+03 -6.1251e+02
  3.4665e+01  3.0924e+03 -6.7827e+03 -6.1630e+02
  3.4765e+01  3.1099e+03 -6.8219e+03 -6.2011e+02
  3.4865e+01  3.1276e+03 -6.8613e+03 -6.2393e+02
  3.4965e+01  3.1452e+03 -6.9007e+03 -6.2776e+02
  3.5065e+01  3.1630e+03 -6.9403e+03 -6.3161e+02
  3.5165e+01  3.1807e+03 -6.9800e+03 -6.3546e+02
  3.5265e+01  3.1985e+03 -7.0198e+03 -6.3933e+02
  3.5365e+01  3.2164e+03 -7.0597e+03 -6.4321e+02
  3.5465e+01  3.2343e+03 -7.0998e+03 -6.4710e+02
  3.5564e+01  3.2523e+03 -7.1399e+03 -6.5100e+02
  3.5664e+01  3.2703e+03 -7.1802e+03 -6.5492e+02
  3.5764e+01  3.2884e+03 -7.2205e+03 -6.5884e+02
  3.5864e+01  3.3065e+03 -7.2610e+03 -6.6278e+02
  3.5964e+01  3.3246e+03 -7.3016e+03 -6.6673e+02
  3.6064e+01  3.3429e+03 -7.3423e+03 -6.7069e+02
  3.6164e+01  3.3611e+03 -7.3831e+03 -6.7466e+02
  3.6264e+01  3.3794e+03 -7.4241e+03 -6.7864e+02
  3.6364e+01  3.3978e+03 -7.4651e+03 -6.8264e+02
  3.6464e+01  3.4162e+03 -7.5063e+03 -6.8665e+02
  3.6563e+01  3.4347e+03 -7.5475e+03 -6.9067e+02
  3.6663e+01  3.4532e+03 -7.5889e+03 -6.9470e+02
  3.6763e+01  3.4718e+03 -7.6304e+03 -6.9874e+02
  3.6863e+01  3.4904e+03 -7.6720e+03 -7.0279e+02
  3.6963e+01  3.5090e+03 -7.7138e+03 -7.0686e+02
  3.7063e+01  3.5277e+03 -7.7556e+03 -7.1094e+02
  3.7163e+01  3.5465e+03 -7.7976e+03 -7.1503e+02
  3.7263e+01  3.5653e+03 -7.8396e+03 -7.1913e+02
  3.7363e+01  3.5842e+03 -7.8818e+03 -7.2324e+02
  3.7463e+01  3.6031e+03 -7.9241e+03 -7.2736e+02
  3.7562e+01  3.6221e+03 -7.9665e+03 -7.3150e+02
  3.7662e+01  3.6411e+03 -8.0090e+03 -7.3565e+02
  3.7762e+01  3.6601e+03 -8.0517e+03 -7.3981e+02
  3.7862e+01  3.6792e+03 -8.0944e+03 -7.4398e+02
  3.7962e+01  3.6984e+03 -8.1373e+03 -7.4816e+02
  3.8062e+01  3.7176e+03 -8.1802e+03 -7.5235e+02
  3.8162e+01  3.7369e+03 -8.2233e+03 -7.5656e+02
  3.8262e+01  3.7562e+03 -8.2665e+03 -7.6078e+02
  3.8362e+01  3.7755e+03 -8.3098e+03 -7.6501e+02
  3.8462e+01  3.7949e+03 -8.3533e+03 -7.6925e+02
  3.8561e+01  3.8144e+03 -8.3968e+03 -7.7350e+02
  3.8661e+01  3.8339e+03 -8.4405e+03 -7.7776e+02
  3.8761e+01  3.8535e+03 -8.4842e+03 -7.8204e+02
  3.8861e+01  3.8731e+03 -8.5281e+03 -7.8633e+02
  3.8961e+01  3.8927e+03 -8.5721e+03 -7.9063e+02
  3.9061e+01  3.9124e+03 -8.6162e+03 -7.9494e+02
  3.9161e+01  3.9322e+03 -8.6604e+03 -7.9926e+02
  3.9261e+01  3.9520e+03 -8.7047e+03 -8.0359e+02
  3.9361e+01  3.9719e+03 -8.7492e+03 -8.0794e+02
  3.9461e+01  3.9918e+03 -8.7937e+03 -8.1230e+02
  3.9560e+01  4.0117e+03 -8.8384e+03 -8.1667e+02
  3.9660e+01  4.0317e+03 -8.8832e+03 -8.2105e+02
  3.9760e+01  4.0518e+03 -8.9281e+03 -8.2544e+02
  3.9860e+01  4.0719e+03 -8.9731e+03 -8.2984e+02
  3.9960e+01  4.0921e+03 -9.0182e+03 -8.3426e+02
  4.0060e+01  4.1123e+03 -9.0634e+03 -8.3869e+02
  4.0160e+01  4.1325e+03 -9.1088e+03 -8.4313e+02
  4.0260e+01  4.1528e+03 -9.1543e+03 -8.4758e+02
  4.0360e+01  4.1732e+03 -9.1998e+03 -8.5204e+02
  4.0460e+01  4.1936e+03 -9.2455e+03 -8.5651e+02
  4.0559e+01  4.2140e+03 -9.2913e+03 -8.6100e+02
  4.0659e+01  4.2345e+03 -9.3372e+03 -8.6550e+02
  4.0759e+01  4.2551e+03 -9.3833e+03 -8.7001e+02
  4.0859e+01  4.2757e+03 -9.4294e+03 -8.7453e+02
  4.0959e+01  4.2963e+03 -9.4757e+03 -8.7906e+02
  4.1059e+01  4.3170e+03 -9.5220e+03 -8.8361e+02
  4.1159e+01  4.3378e+03 -9.5685e+03 -8.8816e+02
  4.1259e+01  4.3586e+03 -9.6151e+03 -8.9273e+02
  4.1359e+01  4.3795e+03 -9.6618e+03 -8.9731e+02
  4.1459e+01  4.4004e+03 -9.7086e+03 -9.0190e+02
  4.1558e+01  4.4213e+03 -9.7556e+03 -9.0650e+02
  4.1658e+01  4.4423e+03 -9.8026e+03 -9.1112e+02
  4.1758e+01  4.4634e+03 -9.8498e+03 -9.1574e+02
  4.1858e+01  4.4845e+03 -9.8970e+03 -9.2038e+02
  4.1958e+01  4.5056e+03 -9.9444e+03 -9.2503e+02
  4.2058e+01  4.5268e+03 -9.9919e+03 -9.2969e+02
  4.2158e+01  4.5481e+03 -1.0040e+04 -9.3437e+02
  4.2258e+01  4.5694e+03 -1.0087e+04 -9.3905e+02
  4.2358e+01  4.5907e+03 -1.0135e+04 -9.4375e+02
  4.2458e+01  4.6121e+03 -1.0183e+04 -9.4845e+02
  4.2557e+01  4.6336e+03 -1.0231e+04 -9.5317e+02
  4.2657e+01  4.6551e+03 -1.0279e+04 -9.5790e+02
  4.2757e+01  4.6766e+03 -1.0328e+04 -9.6265e+02
  4.2857e+01  4.6982e+03 -1.0376e+04 -9.6740e+02
  4.2957e+01  4.7199e+03 -1.0425e+04 -9.7217e+02
  4.3057e+01  4.7416e+03 -1.0473e+04 -9.7695e+02
  4.3157e+01  4.7633e+03 -1.0522e+04 -9.8174e+02
  4.3257e+01  4.7851e+03 -1.0571e+04 -9.8654e+02
  4.3357e+01  4.8069e+03 -1.0620e+04 -9.9135e+02
  4.3457e+01  4.8288e+03 -1.0669e+04 -9.9617e+02
  4.3556e+01  4.8508e+03 -1.0718e+04 -1.0010e+03
  4.3656e+01  4.8728e+03 -1.0767e+04 -1.0059e+03
  4.3756e+01  4.8948e+03 -1.0817e+04 -1.0107e+03
  4.3856e+01  4.9169e+03 -1.0866e+04 -1.0156e+03
  4.3956e+01  4.9391e+03 -1.0916e+04 -1.0205e+03
  4.4056e+01  4.9613e+03 -1.0966e+04 -1.0254e+03
  4.4156e+01  4.9835e+03 -1.1016e+04 -1.0303e+03
  4.4256e+01  5.0058e+03 -1.1066e+04 -1.0352e+03
  4.4356e+01  5.0282e+03 -1.1116e+04 -1.0401e+03
  4.4456e+01  5.0506e+03 -1.1166e+04 -1.0451e+03
  4.4555e+01  5.0730e+03 -1.1216e+04 -1.0500e+03
  4.4655e+01  5.0955e+03 -1.1267e+04 -1.0550e+03
  4.4755e+01  5.1180e+03 -1.1317e+04 -1.0600e+03
  4.4855e+01  5.1406e+03 -1.1368e+04 -1.0649e+03
  4.4955e+01  5.1633e+03 -1.1419e+04 -1.0699e+03
  4.5055e+01  5.1860e+03 -1.1470e+04 -1.0750e+03
  4.5155e+01  5.2087e+03 -1.1521e+04 -1.0800e+03
  4.5255e+01  5.2315e+03 -1.1572e+04 -1.0850e+03
  4.5355e+01  5.2543e+03 -1.1623e+04 -1.0901e+03
  4.5455e+01  5.2772e+03 -1.1674e+04 -1.0951e+03
  4.5554e+01  5.3002e+03 -1.1726e+04 -1.1002e+03
  4.5654e+01  5.3232e+03 -1.1777e+04 -1.1053e+03
  4.5754e+01  5.3462e+03 -1.1829e+04 -1.1104e+03
  4.5854e+01  5.3693e+03 -1.1881e+04 -1.1155e+03
  4.5954e+01  5.3924e+03 -1.1933e+04 -1.1206e+03
  4.6054e+01  5.4156e+03 -1.1985e+04 -1.1257e+03
  4.6154e+01  5.4389e+03 -1.2037e+04 -1.1309e+03
  4.6254e+01  5.4622e+03 -1.2089e+04 -1.1360e+03
  4.6354e+01  5.4855e+03 -1.2141e+04 -1.1412e+03
  4.6454e+01  5.5089e+03 -1.2194e+04 -1.1463e+03
  4.6553e+01  5.5323e+03 -1.2246e+04 -1.1515e+03
  4.6653e+01  5.5558e+03 -1.2299e+04 -1.1567e+03
  4.6753e+01  5.5794e+03 -1.2352e+04 -1.1619e+03
  4.6853e+01  5.6030e+03 -1.2405e+04 -1.1672e+03
  4.6953e+01  5.6266e+03 -1.2458e+04 -1.1724e+03
  4.7053e+01  5.6503e+03 -1.2511e+04 -1.1776e+03
  4.7153e+01  5.6740e+03 -1.2564e+04 -1.1829e+03
  4.7253e+01  5.6978e+03 -1.2618e+04 -1.1882e+03
  4.7353e+01  5.7217e+03 -1.2671e+04 -1.1934e+03
  4.7453e+01  5.7455e+03 -1.2725e+04 -1.1987e+03
  4.7552e+01  5.7695e+03 -1.2779e+04 -1.2040e+03
  4.7652e+01  5.7935e+03 -1.2832e+04 -1.2094e+03
  4.7752e+01  5.8175e+03 -1.2886e+04 -1.2147e+03
  4.7852e+01  5.8416e+03 -1.2940e+04 -1.2200e+03
  4.7952e+01  5.8657e+03 -1.2995e+04 -1.2254e+03
  4.8052e+01  5.8899e+03 -1.3049e+04 -1.2307e+03
  4.8152e+01  5.9141e+03 -1.3103e+04 -1.2361e+03
  4.8252e+01  5.9384e+03 -1.3158e+04 -1.2415e+03
  4.8352e+01  5.9628e+03 -1.3212e+04 -1.2469e+03
  4.8452e+01  5.9872e+03 -1.3267e+04 -1.2523e+03
  4.8551e+01  6.0116e+03 -1.3322e+04 -1.2577e+03
  4.8651e+01  6.0361e+03 -1.3377e+04 -1.2631e+03
  4.8751e+01  6.0606e+03 -1.3432e+04 -1.2686e+03
  4.8851e+01  6.0852e+03 -1.3487e+04 -1.2740e+03
  4.8951e+01  6.1098e+03 -1.3543e+04 -1.2795e+03
  4.9051e+01  6.1345e+03 -1.3598e+04 -1.2850e+03
  4.9151e+01  6.1592e+03 -1.3654e+04 -1.2905e+03
  4.9251e+01  6.1840e+03 -1.3709e+04 -1.2960e+03
  4.9351e+01  6.2089e+03 -1.3765e+04 -1.3015e+03
  4.9451e+01  6.2337e+03 -1.3821e+04 -1.3070e+03
  4.9550e+01  6.2587e+03 -1.3877e+04 -1.3126e+03
  4.9650e+01  6.2837e+03 -1.3933e+04 -1.3181e+03
  4.9750e+01  6.3087e+03 -1.3989e+04 -1.3237e+03
  4.9850e+01  6.3338e+03 -1.4045e+04 -1.3292e+03
  4.9950e+01  6.3589e+03 -1.4102e+04 -1.3348e+03
  5.0050e+01  6.3841e+03 -1.4158e+04 -1.3404e+03
  5.0150e+01  6.4093e+03 -1.4215e+04 -1.3460e+03
  5.0250e+01  6.4346e+03 -1.4272e+04 -1.3516e+03
  5.0350e+01  6.4599e+03 -1.4329e+04 -1.3573e+03
  5.0450e+01  6.4853e+03 -1.4386e+04 -1.3629e+03
  5.0549e+01  6.5107e+03 -1.4443e+04 -1.3686e+03
  5.0649e+01  6.5362e+03 -1.4500e+04 -1.3742e+03
  5.0749e+01  6.5618e+03 -1.4558e+04 -1.3799e+03
  5.0849e+01  6.5873e+03 -1.4615e+04 -1.3856e+03
  5.0949e+01  6.6130e+03 -1.4673e+04 -1.3913e+03
  5.1049e+01  6.6386e+03 -1.4730e+04 -1.3970e+03
  5.1149e+01  6.6644e+03 -1.4788e+04 -1.4027e+03
  5.1249e+01  6.6901e+03 -1.4846e+04 -1.4085e+03
  5.1349e+01  6.7160e+03 -1.4904e+04 -1.4142e+03
  5.1449e+01  6.7419e+03 -1.4962e+04 -1.4200e+03
  5.1548e+01  6.7678e+03 -1.5020e+04 -1.4257e+03
  5.1648e+01  6.7938e+03 -1.5079e+04 -1.4315e+03
  5.1748e+01  6.8198e+03 -1.5137e+04 -1.4373e+03
  5.1848e+01  6.8459e+03 -1.5196e+04 -1.4431e+03
  5.1948e+01  6.8720e+03 -1.5254e+04 -1.4489e+03
  5.2048e+01  6.8982e+03 -1.5313e+04 -1.4548e+03
  5.2148e+01  6.9244e+03 -1.5372e+04 -1.4606e+03
  5.2248e+01  6.9507e+03 -1.5431e+04 -1.4665e+03
  5.2348e+01  6.9770e+03 -1.5490e+04 -1.4723e+03
  5.2448e+01  7.0034e+03 -1.5550e+04 -1.4782e+03
  5.2547e+01  7.0298e+03 -1.5609e+04 -1.4841e+03
  5.2647e+01  7.0563e+03 -1.5669e+04 -1.4900e+03
  5.2747e+01  7.0828e+03 -1.5728e+04 -1.4959e+03
  5.2847e+01  7.1094e+03 -1.5788e+04 -1.5018e+03
  5.2947e+01  7.1360e+03 -1.5848e+04 -1.5078e+03
  5.3047e+01  7.1627e+03 -1.5908e+04 -1.5137e+03
  5.3147e+01  7.1894e+03 -1.5968e+04 -1.5197e+03
  5.3247e+01  7.2162e+03 -1.6028e+04 -1.5256e+03
  5.3347e+01  7.2430e+03 -1.6088e+04 -1.5316e+03
  5.3447e+01  7.2699e+03 -1.6149e+04 -1.5376e+03
  5.3546e+01  7.2968e+03 -1.6209e+04 -1.5436e+03
  5.3646e+01  7.3238e+03 -1.6270e+04 -1.5496e+03
  5.3746e+01  7.3508e+03 -1.6330e+04 -1.5556e+03
  5.3846e+01  7.3779e+03 -1.6391e+04 -1.5617e+03
  5.3946e+01  7.4050e+03 -1.6452e+04 -1.5677e+03
  5.4046e+01  7.4322e+03 -1.6513e+04 -1.5738e+03
  5.4146e+01  7.4594e+03 -1.6575e+04 -1.5799e+03
  5.4246e+01  7.4867e+03 -1.6636e+04 -1.5860e+03
  5.4346e+01  7.5140e+03 -1.6697e+04 -1.5921e+03
  5.4446e+01  7.5413e+03 -1.6759e+04 -1.5982e+03
  5.4545e+01  7.5688e+03 -1.6820e+04 -1.6043e+03
  5.4645e+01  7.5962e+03 -1.6882e+04 -1.6104e+03
  5.4745e+01  7.6238e+03 -1.6944e+04 -1.6166e+03
  5.4845e+01  7.6513e+03 -1.7006e+04 -1.6227e+03
  5.4945e+01  7.6789e+03 -1.7068e+04 -1.6289e+03
  5.5045e+01  7.7066e+03 -1.7130e+04 -1.6351e+03
  5.5145e+01  7.7343e+03 -1.7193e+04 -1.6413e+03
  5.5245e+01  7.7621e+03 -1.7255e+04 -1.6475e+03
  5.5345e+01  7.7899e+03 -1.7318e+04 -1.6537e+03
  5.5445e+01  7.8178e+03 -1.7380e+04 -1.6599e+03
  5.5544e+01  7.8457e+03 -1.7443e+04 -1.6661e+03
  5.5644e+01  7.8737e+03 -1.7506e+04 -1.6724e+03
  5.5744e+01  7.9017e+03 -1.7569e+04 -1.6786e+03
  5.5844e+01  7.9298e+03 -1.7632e+04 -1.6849e+03
  5.5944e+01  7.9579e+03 -1.7695e+04 -1.6912e+03
  5.6044e+01  7.9861e+03 -1.7759e+04 -1.6975e+03
  5.6144e+01  8.0143e+03 -1.7822e+04 -1.7038e+03
  5.6244e+01  8.0425e+03 -1.7886e+04 -1.7101e+03
  5.6344e+01  8.0709e+03 -1.7949e+04 -1.7165e+03
  5.6444e+01  8.0992e+03 -1.8013e+04 -1.7228e+03
  5.6543e+01  8.1276e+03 -1.8077e+04 -1.7291e+03
  5.6643e+01  8.1561e+03 -1.8141e+04 -1.7355e+03
  5.6743e+01  8.1846e+03 -1.8205e+04 -1.7419e+03
  5.6843e+01  8.2132e+03 -1.8269e+04 -1.7483e+03
  5.6943e+01  8.2418e+03 -1.8334e+04 -1.7547e+03
  5.7043e+01  8.2705e+03 -1.8398e+04 -1.7611e+03
  5.7143e+01  8.2992e+03 -1.8463e+04 -1.7675e+03
  5.7243e+01  8.3279e+03 -1.8528e+04 -1.7740e+03
  5.7343e+01  8.3568e+03 -1.8592e+04 -1.7804e+03
  5.7443e+01  8.3856e+03 -1.8657e+04 -1.7869e+03
  5.7542e+01  8.4145e+03 -1.8722e+04 -1.7933e+03
  5.7642e+01  8.4435e+03 -1.8788e+04 -1.7998e+03
  5.7742e+01  8.4725e+03 -1.8853e+04 -1.8063e+03
  5.7842e+01  8.5016e+03 -1.8918e+04 -1.8128e+03
  5.7942e+01  8.5307e+03 -1.8984e+04 -1.8193e+03
  5.8042e+01  8.5599e+03 -1.9049e+04 -1.8259e+03
  5.8142e+01  8.5891e+03 -1.9115e+04 -1.8324e+03
  5.8242e+01  8.6183e+03 -1.9181e+04 -1.8390e+03
  5.8342e+01  8.6476e+03 -1.9247e+04 -1.8455e+03
  5.8442e+01  8.6770e+03 -1.9313e+04 -1.8521e+03
  5.8541e+01  8.7064e+03 -1.9379e+04 -1.8587e+03
  5.8641e+01  8.7359e+03 -1.9445e+04 -1.8653e+03
  5.8741e+01  8.7654e+03 -1.9512e+04 -1.8719e+03
  5.8841e+01  8.7949e+03 -1.9578e+04 -1.8785e+03
  5.8941e+01  8.8246e+03 -1.9645e+04 -1.8852e+03
  5.9041e+01  8.8542e+03 -1.9712e+04 -1.8918e+03
  5.9141e+01  8.8839e+03 -1.9778e+04 -1.8985e+03
  5.9241e+01  8.9137e+03 -1.9845e+04 -1.9051e+03
  5.9341e+01  8.9435e+03 -1.9912e+04 -1.9118e+03
  5.9441e+01  8.9734e+03 -1.9980e+04 -1.9185e+03
  5.9540e+01  9.0033e+03 -2.0047e+04 -1.9252e+03
  5.9640e+01  9.0332e+03 -2.0114e+04 -1.9319e+03
  5.9740e+01  9.0632e+03 -2.0182e+04 -1.9386e+03
  5.9840e+01  9.0933e+03 -2.0250e+04 -1.9454e+03
  5.9940e+01  9.1234e+03 -2.0317e+04 -1.9521e+03
  6.0040e+01  9.1536e+03 -2.0385e+04 -1.9589e+03
  6.0140e+01  9.1838e+03 -2.0453e+04 -1.9657e+03
  6.0240e+01  9.2140e+03 -2.0521e+04 -1.9725e+03
  6.0340e+01  9.2443e+03 -2.0589e+04 -1.9793e+03
  6.0440e+01  9.2747e+03 -2.0658e+04 -1.9861e+03
  6.0539e+01  9.3051e+03 -2.0726e+04 -1.9929e+03
  6.0639e+01  9.3355e+03 -2.0795e+04 -1.9997e+03
  6.0739e+01  9.3661e+03 -2.0863e+04 -2.0066e+03
  6.0839e+01  9.3966e+03 -2.0932e+04 -2.0134e+03
  6.0939e+01  9.4272e+03 -2.1001e+04 -2.0203e+03
  6.1039e+01  9.4579e+03 -2.1070e+04 -2.0272e+03
  6.1139e+01  9.4886e+03 -2.1139e+04 -2.0341e+03
  6.1239e+01  9.5193e+03 -2.1208e+04 -2.0410e+03
  6.1339e+01  9.5501e+03 -2.1278e+04 -2.0479e+03
  6.1439e+01  9.5810e+03 -2.1347e+04 -2.0548e+03
  6.1538e+01  9.6119e+03 -2.1417e+04 -2.0617e+03
  6.1638e+01  9.6428e+03 -2.1486e+04 -2.0687e+03
  6.1738e+01  9.6739e+03 -2.1556e+04 -2.0757e+03
  6.1838e+01  9.7049e+03 -2.1626e+04 -2.0826e+03
  6.1938e+01  9.7360e+03 -2.1696e+04 -2.0896e+03
  6.2038e+01  9.7672e+03 -2.1766e+04 -2.0966e+03
  6.2138e+01  9.7984e+03 -2.1837e+04 -2.1036e+03
  6.2238e+01  9.8296e+03 -2.1907e+04 -2.1106e+03
  6.2338e+01  9.8609e+03 -2.1977e+04 -2.1177e+03
  6.2438e+01  9.8923e+03 -2.2048e+04 -2.1247e+03
  6.2537e+01  9.9237e+03 -2.2119e+04 -2.1318e+03
  6.2637e+01  9.9551e+03 -2.2189e+04 -2.1388e+03
  6.2737e+01  9.9866e+03 -2.2260e+04 -2.1459e+03
  6.2837e+01  1.0018e+04 -2.2331e+04 -2.1530e+03
  6.2937e+01  1.0050e+04 -2.2403e+04 -2.1601e+03
  6.3037e+01  1.0081e+04 -2.2474e+04 -2.1672e+03
  6.3137e+01  1.0113e+04 -2.2545e+04 -2.1743e+03
  6.3237e+01  1.0145e+04 -2.2617e+04 -2.1815e+03
  6.3337e+01  1.0177e+04 -2.2688e+04 -2.1886e+03
  6.3437e+01  1.0209e+04 -2.2760e+04 -2.1958e+03
  6.3536e+01  1.0240e+04 -2.2832e+04 -2.2030e+03
  6.3636e+01  1.0272e+04 -2.2904e+04 -2.2101e+03
  6.3736e+01  1.0304e+04 -2.2976e+04 -2.2173e+03
  6.3836e+01  1.0336e+04 -2.3048e+04 -2.2245e+03
  6.3936e+01  1.0369e+04 -2.3120e+04 -2.2318e+03
  6.4036e+01  1.0401e+04 -2.3193e+04 -2.2390e+03
  6.4136e+01  1.0433e+04 -2.3265e+04 -2.2462e+03
  6.4236e+01  1.0465e+04 -2.3338e+04 -2.2535e+03
  6.4336e+01  1.0497e+04 -2.3411e+04 -2.2607e+03
  6.4436e+01  1.0530e+04 -2.3483e+04 -2.2680e+03
  6.4535e+01  1.0562e+04 -2.3556e+04 -2.2753e+03
  6.4635e+01  1.0595e+04 -2.3629e+04 -2.2826e+03
  6.4735e+01  1.0627e+04 -2.3703e+04 -2.2899e+03
  6.4835e+01  1.0660e+04 -2.3776e+04 -2.2972e+03
  6.4935e+01  1.0692e+04 -2.3849e+04 -2.3046e+03
  6.5035e+01  1.0725e+04 -2.3923e+04 -2.3119e+03
  6.5135e+01  1.0758e+04 -2.3997e+04 -2.3193e+03
  6.5235e+01  1.0790e+04 -2.4070e+04 -2.3267e+03
  6.5335e+01  1.0823e+04 -2.4144e+04 -2.3340e+03
  6.5435e+01  1.0856e+04 -2.4218e+04 -2.3414e+03
  6.5534e+01  1.0889e+04 -2.4292e+04 -2.3488e+03
  6.5634e+01  1.0922e+04 -2.4366e+04 -2.3563e+03
  6.5734e+01  1.0955e+04 -2.4441e+04 -2.3637e+03
  6.5834e+01  1.0988e+04 -2.4515e+04 -2.3711e+03
  6.5934e+01  1.1021e+04 -2.4590e+04 -2.3786e+03
  6.6034e+01  1.1054e+04 -2.4664e+04 -2.3860e+03
  6.6134e+01  1.1087e+04 -2.4739e+04 -2.3935e+03
  6.6234e+01  1.1121e+04 -2.4814e+04 -2.4010e+03
  6.6334e+01  1.1154e+04 -2.4889e+04 -2.4085e+03
  6.6434e+01  1.1187e+04 -2.4964e+04 -2.4160e+03
  6.6533e+01  1.1221e+04 -2.5039e+04 -2.4235e+03
  6.6633e+01  1.1254e+04 -2.5115e+04 -2.4311e+03
  6.6733e+01  1.1287e+04 -2.5190e+04 -2.4386e+03
  6.6833e+01  1.1321e+04 -2.5266e+04 -2.4462e+03
  6.6933e+01  1.1355e+04 -2.5341e+04 -2.4537e+03
  6.7033e+01  1.1388e+04 -2.5417e+04 -2.4613e+03
  6.7133e+01  1.1422e+04 -2.5493e+04 -2.4689e+03
  6.7233e+01  1.1456e+04 -2.5569e+04 -2.4765e+03
  6.7333e+01  1.1489e+04 -2.5645e+04 -2.4841e+03
  6.7433e+01  1.1523e+04 -2.5721e+04 -2.4917e+03
  6.7532e+01  1.1557e+04 -2.5798e+04 -2.4994e+03
  6.7632e+01  1.1591e+04 -2.5874e+04 -2.5070e+03
  6.7732e+01  1.1625e+04 -2.5951e+04 -2.5147e+03
  6.7832e+01  1.1659e+04 -2.6028e+04 -2.5224e+03
  6.7932e+01  1.1693e+04 -2.6104e+04 -2.5301e+03
  6.8032e+01  1.1727e+04 -2.6181e+04 -2.5378e+03
  6.8132e+01  1.1762e+04 -2.6258e+04 -2.5455e+03
  6.8232e+01  1.1796e+04 -2.6335e+04 -2.5532e+03
  6.8332e+01  1.1830e+04 -2.6413e+04 -2.5609e+03
  6.8432e+01  1.1864e+04 -2.6490e+04 -2.5687e+03
  6.8531e+01  1.1899e+04 -2.6568e+04 -2.5764e+03
  6.8631e+01  1.1933e+04 -2.6645e+04 -2.5842e+03
  6.8731e+01  1.1968e+04 -2.6723e+04 -2.5920e+03
  6.8831e+01  1.2002e+04 -2.6801e+04 -2.5997e+03
  6.8931e+01  1.2037e+04 -2.6879e+04 -2.6075e+03
  6.9031e+01  1.2072e+04 -2.6957e+04 -2.6154e+03
  6.9131e+01  1.2106e+04 -2.7035e+04 -2.6232e+03
  6.9231e+01  1.2141e+04 -2.7113e+04 -2.6310e+03
  6.9331e+01  1.2176e+04 -2.7192e+04 -2.6389e+03
  6.9431e+01  1.2211e+04 -2.7270e+04 -2.6467e+03
  6.9530e+01  1.2245e+04 -2.7349e+04 -2.6546e+03
  6.9630e+01  1.2280e+04 -2.7427e+04 -2.6625e+03
  6.9730e+01  1.2315e+04 -2.7506e+04 -2.6704e+03
  6.9830e+01  1.2350e+04 -2.7585e+04 -2.6783e+03
  6.9930e+01  1.2386e+04 -2.7664e+04 -2.6862e+03
  7.0030e+01  1.2421e+04 -2.7743e+04 -2.6941e+03
  7.0130e+01  1.2456e+04 -2.7823e+04 -2.7021e+03
  7.0230e+01  1.2491e+04 -2.7902e+04 -2.7100e+03
  7.0330e+01  1.2526e+04 -2.7982e+04 -2.7180e+03
  7.0430e+01  1.2562e+04 -2.8061e+04 -2.7260e+03
  7.0529e+01  1.2597e+04 -2.8141e+04 -2.7340e+03
  7.0629e+01  1.2633e+04 -2.8221e+04 -2.7420e+03
  7.0729e+01  1.2668e+04 -2.8301e+04 -2.7500e+03
  7.0829e+01  1.2704e+04 -2.8381e+04 -2.7580e+03
  7.0929e+01  1.2739e+04 -2.8461e+04 -2.7660e+03
  7.1029e+01  1.2775e+04 -2.8542e+04 -2.7741e+03
  7.1129e+01  1.2810e+04 -2.8622e+04 -2.7821e+03
  7.1229e+01  1.2846e+04 -2.8703e+04 -2.7902e+03
  7.1329e+01  1.2882e+04 -2.8783e+04 -2.7983e+03
  7.1429e+01  1.2918e+04 -2.8864e+04 -2.8064e+03
  7.1528e+01  1.2954e+04 -2.8945e+04 -2.8145e+03
  7.1628e+01  1.2990e+04 -2.9026e+04 -2.8226e+03
  7.1728e+01  1.3026e+04 -2.9107e+04 -2.8307e+03
  7.1828e+01  1.3062e+04 -2.9188e+04 -2.8389e+03
  7.1928e+01  1.3098e+04 -2.9270e+04 -2.8470e+03
  7.2028e+01  1.3134e+04 -2.9351e+04 -2.8552e+03
  7.2128e+01  1.3170e+04 -2.9433e+04 -2.8634e+03
  7.2228e+01  1.3206e+04 -2.9514e+04 -2.8716e+03
  7.2328e+01  1.3242e+04 -2.9596e+04 -2.8798e+03
  7.2428e+01  1.3279e+04 -2.9678e+04 -2.8880e+03
  7.2527e+01  1.3315e+04 -2.9760e+04 -2.8962e+03
  7.2627e+01  1.3352e+04 -2.9842e+04 -2.9044e+03
  7.2727e+01  1.3388e+04 -2.9924e+04 -2.9127e+03
  7.2827e+01  1.3425e+04 -3.0007e+04 -2.9209e+03
  7.2927e+01  1.3461e+04 -3.0089e+04 -2.9292e+03
  7.3027e+01  1.3498e+04 -3.0172e+04 -2.9375e+03
  7.3127e+01  1.3534e+04 -3.0254e+04 -2.9458e+03
  7.3227e+01  1.3571e+04 -3.0337e+04 -2.9541e+03
  7.3327e+01  1.3608e+04 -3.0420e+04 -2.9624e+03
  7.3427e+01  1.3645e+04 -3.0503e+04 -2.9707e+03
  7.3526e+01  1.3682e+04 -3.0586e+04 -2.9791e+03
  7.3626e+01  1.3719e+04 -3.0670e+04 -2.9874e+03
  7.3726e+01  1.3756e+04 -3.0753e+04 -2.9958e+03
  7.3826e+01  1.3793e+04 -3.0836e+04 -3.0041e+03
  7.3926e+01  1.3830e+04 -3.0920e+04 -3.0125e+03
  7.4026e+01  1.3867e+04 -3.1004e+04 -3.0209e+03
  7.4126e+01  1.3904e+04 -3.1088e+04 -3.0293e+03
  7.4226e+01  1.3941e+04 -3.1171e+04 -3.0378e+03
  7.4326e+01  1.3979e+04 -3.1255e+04 -3.0462e+03
  7.4426e+01  1.4016e+04 -3.1340e+04 -3.0546e+03
  7.4525e+01  1.4053e+04 -3.1424e+04 -3.0631e+03
  7.4625e+01  1.4091e+04 -3.1508e+04 -3.0716e+03
  7.4725e+01  1.4128e+04 -3.1593e+04 -3.0800e+03
  7.4825e+01  1.4166e+04 -3.1677e+04 -3.0885e+03
  7.4925e+01  1.4203e+04 -3.1762e+04 -3.0970e+03
  7.5025e+01  1.4241e+04 -3.1847e+04 -3.1055e+03
  7.5125e+01  1.4278e+04 -3.1932e+04 -3.1141e+03
  7.5225e+01  1.4316e+04 -3.2017e+04 -3.1226e+03
  7.5325e+01  1.4354e+04 -3.2102e+04 -3.1312e+03
  7.5425e+01  1.4392e+04 -3.2188e+04 -3.1397e+03
  7.5524e+01  1.4430e+04 -3.2273e+04 -3.1483e+03
  7.5624e+01  1.4468e+04 -3.2358e+04 -3.1569e+03
  7.5724e+01  1.4506e+04 -3.2444e+04 -3.1655e+03
  7.5824e+01  1.4544e+04 -3.2530e+04 -3.1741e+03
  7.5924e+01  1.4582e+04 -3.2616e+04 -3.1827e+03
  7.6024e+01  1.4620e+04 -3.2702e+04 -3.1913e+03
  7.6124e+01  1.4658e+04 -3.2788e+04 -3.2000e+03
  7.6224e+01  1.4696e+04 -3.2874e+04 -3.2086e+03
  7.6324e+01  1.4734e+04 -3.2960e+04 -3.2173e+03
  7.6424e+01  1.4773e+04 -3.3047e+04 -3.2260e+03
  7.6523e+01  1.4811e+04 -3.3133e+04 -3.2347e+03
  7.6623e+01  1.4850e+04 -3.3220e+04 -3.2434e+03
  7.6723e+01  1.4888e+04 -3.3307e+04 -3.2521e+03
  7.6823e+01  1.4927e+04 -3.3394e+04 -3.2608e+03
  7.6923e+01  1.4965e+04 -3.3481e+04 -3.2695e+03
  7.7023e+01  1.5004e+04 -3.3568e+04 -3.2783e+03
  7.7123e+01  1.5042e+04 -3.3655e+04 -3.2870e+03
  7.7223e+01  1.5081e+04 -3.3742e+04 -3.2958e+03
  7.7323e+01  1.5120e+04 -3.3830e+04 -3.3046e+03
  7.7423e+01  1.5159e+04 -3.3917e+04 -3.3134e+03
  7.7522e+01  1.5198e+04 -3.4005e+04 -3.3222e+03
  7.7622e+01  1.5236e+04 -3.4093e+04 -3.3310e+03
  7.7722e+01  1.5275e+04 -3.4181e+04 -3.3398e+03
  7.7822e+01  1.5314e+04 -3.4269e+04 -3.3487e+03
  7.7922e+01  1.5354e+04 -3.4357e+04 -3.3575e+03
  7.8022e+01  1.5393e+04 -3.4445e+04 -3.3664e+03
  7.8122e+01  1.5432e+04 -3.4533e+04 -3.3753e+03
  7.8222e+01  1.5471e+04 -3.4622e+04 -3.3842e+03
  7.8322e+01  1.5510e+04 -3.4710e+04 -3.3931e+03
  7.8422e+01  1.5550e+04 -3.4799e+04 -3.4020e+03
  7.8521e+01  1.5589e+04 -3.4888e+04 -3.4109e+03
  7.8621e+01  1.5628e+04 -3.4977e+04 -3.4198e+03
  7.8721e+01  1.5668e+04 -3.5066e+04 -3.4288e+03
  7.8821e+01  1.5707e+04 -3.5155e+04 -3.4377e+03
  7.8921e+01  1.5747e+04 -3.5244e+04 -3.4467e+03
  7.9021e+01  1.5787e+04 -3.5334e+04 -3.4557e+03
  7.9121e+01  1.5826e+04 -3.5423e+04 -3.4647e+03
  7.9221e+01  1.5866e+04 -3.5513e+04 -3.4737e+03
  7.9321e+01  1.5906e+04 -3.5602e+04 -3.4827e+03
  7.9421e+01  1.5945e+04 -3.5692e+04 -3.4917e+03
  7.9520e+01  1.5985e+04 -3.5782e+04 -3.5008e+03
  7.9620e+01  1.6025e+04 -3.5872e+04 -3.5098e+03
  7.9720e+01  1.6065e+04 -3.5962e+04 -3.5189e+03
  7.9820e+01  1.6105e+04 -3.6053e+04 -3.5280e+03
  7.9920e+01  1.6145e+04 -3.6143e+04 -3.5370e+03
  8.0020e+01  1.6185e+04 -3.6233e+04 -3.5461e+03
  8.0120e+01  1.6226e+04 -3.6324e+04 -3.5553e+03
  8.0220e+01  1.6266e+04 -3.6415e+04 -3.5644e+03
  8.0320e+01  1.6306e+04 -3.6506e+04 -3.5735e+03
  8.0420e+01  1.6346e+04 -3.6597e+04 -3.5826e+03
  8.0519e+01  1.6387e+04 -3.6688e+04 -3.5918e+03
  8.0619e+01  1.6427e+04 -3.6779e+04 -3.6010e+03
  8.0719e+01  1.6468e+04 -3.6870e+04 -3.6102e+03
  8.0819e+01  1.6508e+04 -3.6962e+04 -3.6193e+03
  8.0919e+01  1.6549e+04 -3.7053e+04 -3.6285e+03
  8.1019e+01  1.6589e+04 -3.7145e+04 -3.6378e+03
  8.1119e+01  1.6630e+04 -3.7236e+04 -3.6470e+03
  8.1219e+01  1.6671e+04 -3.7328e+04 -3.6562e+03
  8.1319e+01  1.6711e+04 -3.7420e+04 -3.6655e+03
  8.1419e+01  1.6752e+04 -3.7512e+04 -3.6747e+03
  8.1518e+01  1.6793e+04 -3.7605e+04 -3.6840e+03
  8.1618e+01  1.6834e+04 -3.7697e+04 -3.6933e+03
  8.1718e+01  1.6875e+04 -3.7789e+04 -3.7026e+03
  8.1818e+01  1.6916e+04 -3.7882e+04 -3.7119e+03
  8.1918e+01  1.6957e+04 -3.7975e+04 -3.7212e+03
  8.2018e+01  1.6998e+04 -3.8067e+04 -3.7306e+03
  8.2118e+01  1.7039e+04 -3.8160e+04 -3.7399e+03
  8.2218e+01  1.7080e+04 -3.8253e+04 -3.7492e+03
  8.2318e+01  1.7122e+04 -3.8346e+04 -3.7586e+03
  8.2418e+01  1.7163e+04 -3.8439e+04 -3.7680e+03
  8.2517e+01  1.7204e+04 -3.8533e+04 -3.7774e+03
  8.2617e+01  1.7246e+04 -3.8626e+04 -3.7868e+03
  8.2717e+01  1.7287e+04 -3.8720e+04 -3.7962e+03
  8.2817e+01  1.7329e+04 -3.8813e+04 -3.8056e+03
  8.2917e+01  1.7370e+04 -3.8907e+04 -3.8151e+03
  8.3017e+01  1.7412e+04 -3.9001e+04 -3.8245e+03
  8.3117e+01  1.7453e+04 -3.9095e+04 -3.8340e+03
  8.3217e+01  1.7495e+04 -3.9189e+04 -3.8434e+03
  8.3317e+01  1.7537e+04 -3.9284e+04 -3.8529e+03
  8.3417e+01  1.7579e+04 -3.9378e+04 -3.8624e+03
  8.3516e+01  1.7621e+04 -3.9472e+04 -3.8719e+03
  8.3616e+01  1.7663e+04 -3.9567e+04 -3.8814e+03
  8.3716e+01  1.7704e+04 -3.9662e+04 -3.8910e+03
  8.3816e+01  1.7746e+04 -3.9756e+04 -3.9005e+03
  8.3916e+01  1.7789e+04 -3.9851e+04 -3.9101e+03
  8.4016e+01  1.7831e+04 -3.9946e+04 -3.9196e+03
  8.4116e+01  1.7873e+04 -4.0041e+04 -3.9292e+03
  8.4216e+01  1.7915e+04 -4.0137e+04 -3.9388e+03
  8.4316e+01  1.7957e+04 -4.0232e+04 -3.9484e+03
  8.4416e+01  1.8000e+04 -4.0328e+04 -3.9580e+03
  8.4515e+01  1.8042e+04 -4.0423e+04 -3.9676e+03
  8.4615e+01  1.8084e+04 -4.0519e+04 -3.9773e+03
  8.4715e+01  1.8127e+04 -4.0615e+04 -3.9869e+03
  8.4815e+01  1.8169e+04 -4.0711e+04 -3.9966e+03
  8.4915e+01  1.8212e+04 -4.0807e+04 -4.0062e+03
  8.5015e+01  1.8254e+04 -4.0903e+04 -4.0159e+03
  8.5115e+01  1.8297e+04 -4.0999e+04 -4.0256e+03
  8.5215e+01  1.8340e+04 -4.1096e+04 -4.0353e+03
  8.5315e+01  1.8382e+04 -4.1192e+04 -4.0450e+03
  8.5415e+01  1.8425e+04 -4.1289e+04 -4.0548e+03
  8.5514e+01  1.8468e+04 -4.1385e+04 -4.0645e+03
  8.5614e+01  1.8511e+04 -4.1482e+04 -4.0743e+03
  8.5714e+01  1.8554e+04 -4.1579e+04 -4.0840e+03
  8.5814e+01  1.8597e+04 -4.1676e+04 -4.0938e+03
  8.5914e+01  1.8640e+04 -4.1773e+04 -4.1036e+03
  8.6014e+01  1.8683e+04 -4.1871e+04 -4.1134e+03
  8.6114e+01  1.8726e+04 -4.1968e+04 -4.1232e+03
  8.6214e+01  1.8769e+04 -4.2066e+04 -4.1330e+03
  8.6314e+01  1.8813e+04 -4.2163e+04 -4.1428e+03
  8.6414e+01  1.8856e+04 -4.2261e+04 -4.1527e+03
  8.6513e+01  1.8899e+04 -4.2359e+04 -4.1626e+03
  8.6613e+01  1.8943e+04 -4.2457e+04 -4.1724e+03
  8.6713e+01  1.8986e+04 -4.2555e+04 -4.1823e+03
  8.6813e+01  1.9030e+04 -4.2653e+04 -4.1922e+03
  8.6913e+01  1.9073e+04 -4.2751e+04 -4.2021e+03
  8.7013e+01  1.9117e+04 -4.2850e+04 -4.2120e+03
  8.7113e+01  1.9160e+04 -4.2948e+04 -4.2219e+03
  8.7213e+01  1.9204e+04 -4.3047e+04 -4.2319e+03
  8.7313e+01  1.9248e+04 -4.3146e+04 -4.2418e+03
  8.7413e+01  1.9292e+04 -4.3245e+04 -4.2518e+03
  8.7512e+01  1.9336e+04 -4.3344e+04 -4.2618e+03
  8.7612e+01  1.9379e+04 -4.3443e+04 -4.2717e+03
  8.7712e+01  1.9423e+04 -4.3542e+04 -4.2817e+03
  8.7812e+01  1.9467e+04 -4.3641e+04 -4.2918e+03
  8.7912e+01  1.9511e+04 -4.3741e+04 -4.3018e+03
  8.8012e+01  1.9555e+04 -4.3840e+04 -4.3118e+03
  8.8112e+01  1.9600e+04 -4.3940e+04 -4.3218e+03
  8.8212e+01  1.9644e+04 -4.4040e+04 -4.3319e+03
  8.8312e+01  1.9688e+04 -4.4140e+04 -4.3420e+03
  8.8412e+01  1.9732e+04 -4.4240e+04 -4.3521e+03
  8.8511e+01  1.9777e+04 -4.4340e+04 -4.3621e+03
  8.8611e+01  1.9821e+04 -4.4440e+04 -4.3722e+03
  8.8711e+01  1.9865e+04 -4.4540e+04 -4.3824e+03
  8.8811e+01  1.9910e+04 -4.4641e+04 -4.3925e+03
  8.8911e+01  1.9955e+04 -4.4741e+04 -4.4026e+03
  8.9011e+01  1.9999e+04 -4.4842e+04 -4.4128e+03
  8.9111e+01  2.0044e+04 -4.4943e+04 -4.4229e+03
  8.9211e+01  2.0088e+04 -4.5044e+04 -4.4331e+03
  8.9311e+01  2.0133e+04 -4.5145e+04 -4.4433e+03
  8.9411e+01  2.0178e+04 -4.5246e+04 -4.4535e+03
  8.9510e+01  2.0223e+04 -4.5347e+04 -4.4637e+03
  8.9610e+01  2.0268e+04 -4.5449e+04 -4.4739e+03
  8.9710e+01  2.0313e+04 -4.5550e+04 -4.4841e+03
  8.9810e+01  2.0358e+04 -4.5652e+04 -4.4944e+03
  8.9910e+01  2.0403e+04 -4.5753e+04 -4.5046e+03
  9.0010e+01  2.0448e+04 -4.5855e+04 -4.5149e+03
  9.0110e+01  2.0493e+04 -4.5957e+04 -4.5252e+03
  9.0210e+01  2.0538e+04 -4.6059e+04 -4.5355e+03
  9.0310e+01  2.0583e+04 -4.6161e+04 -4.5458e+03
  9.0410e+01  2.0629e+04 -4.6264e+04 -4.5561e+03
  9.0509e+01  2.0674e+04 -4.6366e+04 -4.5664e+03
  9.0609e+01  2.0719e+04 -4.6468e+04 -4.5767e+03
  9.0709e+01  2.0765e+04 -4.6571e+04 -4.5871e+03
  9.0809e+01  2.0810e+04 -4.6674e+04 -4.5974e+03
  9.0909e+01  2.0856e+04 -4.6777e+04 -4.6078e+03
  9.1009e+01  2.0901e+04 -4.6880e+04 -4.6182e+03
  9.1109e+01  2.0947e+04 -4.6983e+04 -4.6286e+03
  9.1209e+01  2.0993e+04 -4.7086e+04 -4.6390e+03
  9.1309e+01  2.1038e+04 -4.7189e+04 -4.6494e+03
  9.1409e+01  2.1084e+04 -4.7292e+04 -4.6598e+03
  9.1508e+01  2.1130e+04 -4.7396e+04 -4.6703e+03
  9.1608e+01  2.1176e+04 -4.7500e+04 -4.6807e+03
  9.1708e+01  2.1222e+04 -4.7603e+04 -4.6912e+03
  9.1808e+01  2.1268e+04 -4.7707e+04 -4.7017e+03
  9.1908e+01  2.1314e+04 -4.7811e+04 -4.7122e+03
  9.2008e+01  2.1360e+04 -4.7915e+04 -4.7227e+03
  9.2108e+01  2.1406e+04 -4.8019e+04 -4.7332e+03
  9.2208e+01  2.1452e+04 -4.8124e+04 -4.7437e+03
  9.2308e+01  2.1498e+04 -4.8228e+04 -4.7542e+03
  9.2408e+01  2.1545e+04 -4.8333e+04 -4.7648e+03
  9.2507e+01  2.1591e+04 -4.8437e+04 -4.7753e+03
  9.2607e+01  2.1637e+04 -4.8542e+04 -4.7859e+03
  9.2707e+01  2.1684e+04 -4.8647e+04 -4.7965e+03
  9.2807e+01  2.1730e+04 -4.8752e+04 -4.8071e+03
  9.2907e+01  2.1777e+04 -4.8857e+04 -4.8177e+03
  9.3007e+01  2.1823e+04 -4.8962e+04 -4.8283e+03
  9.3107e+01  2.1870e+04 -4.9068e+04 -4.8389e+03
  9.3207e+01  2.1917e+04 -4.9173e+04 -4.8496e+03
  9.3307e+01  2.1964e+04 -4.9279e+04 -4.8602e+03
  9.3407e+01  2.2010e+04 -4.9384e+04 -4.8709e+03
  9.3506e+01  2.2057e+04 -4.9490e+04 -4.8815e+03
  9.3606e+01  2.2104e+04 -4.9596e+04 -4.8922e+03
  9.3706e+01  2.2151e+04 -4.9702e+04 -4.9029e+03
  9.3806e+01  2.2198e+04 -4.9808e+04 -4.9136e+03
  9.3906e+01  2.2245e+04 -4.9914e+04 -4.9244e+03
  9.4006e+01  2.2292e+04 -5.0021e+04 -4.9351e+03
  9.4106e+01  2.2339e+04 -5.0127e+04 -4.9458e+03
  9.4206e+01  2.2386e+04 -5.0234e+04 -4.9566e+03
  9.4306e+01  2.2434e+04 -5.0340e+04 -4.9674e+03
  9.4406e+01  2.2481e+04 -5.0447e+04 -4.9781e+03
  9.4505e+01  2.2528e+04 -5.0554e+04 -4.9889e+03
  9.4605e+01  2.2576e+04 -5.0661e+04 -4.9997e+03
  9.4705e+01  2.2623e+04 -5.0768e+04 -5.0105e+03
  9.4805e+01  2.2670e+04 -5.0875e+04 -5.0214e+03
  9.4905e+01  2.2718e+04 -5.0983e+04 -5.0322e+03
  9.5005e+01  2.2766e+04 -5.1090e+04 -5.0431e+03
  9.5105e+01  2.2813e+04 -5.1198e+04 -5.0539e+03
  9.5205e+01  2.2861e+04 -5.1306e+04 -5.0648e+03
  9.5305e+01  2.2909e+04 -5.1413e+04 -5.0757e+03
  9.5405e+01  2.2956e+04 -5.1521e+04 -5.0866e+03
  9.5504e+01  2.3004e+04 -5.1629e+04 -5.0975e+03
  9.5604e+01  2.3052e+04 -5.1738e+04 -5.1084e+03
  9.5704e+01  2.3100e+04 -5.1846e+04 -5.1193e+03
  9.5804e+01  2.3148e+04 -5.1954e+04 -5.1303e+03
  9.5904e+01  2.3196e+04 -5.2063e+04 -5.1412e+03
  9.6004e+01  2.3244e+04 -5.2171e+04 -5.1522e+03
  9.6104e+01  2.3292e+04 -5.2280e+04 -5.1632e+03
  9.6204e+01  2.3340e+04 -5.2389e+04 -5.1742e+03
  9.6304e+01  2.3389e+04 -5.2498e+04 -5.1852e+03
  9.6404e+01  2.3437e+04 -5.2607e+04 -5.1962e+03
  9.6503e+01  2.3485e+04 -5.2716e+04 -5.2072e+03
  9.6603e+01  2.3534e+04 -5.2825e+04 -5.2182e+03
  9.6703e+01  2.3582e+04 -5.2935e+04 -5.2293e+03
  9.6803e+01  2.3630e+04 -5.3044e+04 -5.2403e+03
  9.6903e+01  2.3679e+04 -5.3154e+04 -5.2514e+03
  9.7003e+01  2.3727e+04 -5.3264e+04 -5.2625e+03
  9.7103e+01  2.3776e+04 -5.3373e+04 -5.2736e+03
  9.7203e+01  2.3825e+04 -5.3483e+04 -5.2847e+03
  9.7303e+01  2.3874e+04 -5.3594e+04 -5.2958e+03
  9.7403e+01  2.3922e+04 -5.3704e+04 -5.3069e+03
  9.7502e+01  2.3971e+04 -5.3814e+04 -5.3181e+03
  9.7602e+01  2.4020e+04 -5.3924e+04 -5.3292e+03
  9.7702e+01  2.4069e+04 -5.4035e+04 -5.3404e+03
  9.7802e+01  2.4118e+04 -5.4146e+04 -5.3516e+03
  9.7902e+01  2.4167e+04 -5.4256e+04 -5.3628e+03
  9.8002e+01  2.4216e+04 -5.4367e+04 -5.3740e+03
  9.8102e+01  2.4265e+04 -5.4478e+04 -5.3852e+03
  9.8202e+01  2.4314e+04 -5.4589e+04 -5.3964e+03
  9.8302e+01  2.4363e+04 -5.4701e+04 -5.4076e+03
  9.8402e+01  2.4413e+04 -5.4812e+04 -5.4189e+03
  9.8501e+01  2.4462e+04 -5.4923e+04 -5.4301e+03
  9.8601e+01  2.4511e+04 -5.5035e+04 -5.4414e+03
  9.8701e+01  2.4561e+04 -5.5147e+04 -5.4527e+03
  9.8801e+01  2.4610e+04 -5.5258e+04 -5.4640e+03
  9.8901e+01  2.4660e+04 -5.5370e+04 -5.4753e+03
  9.9001e+01  2.4709e+04 -5.5482e+04 -5.4866e+03
  9.9101e+01  2.4759e+04 -5.5594e+04 -5.4979e+03
  9.9201e+01  2.4809e+04 -5.5707e+04 -5.5093e+03
  9.9301e+01  2.4858e+04 -5.5819e+04 -5.5206e+03
  9.9401e+01  2.4908e+04 -5.5931e+04 -5.5320e+03
  9.9500e+01  2.4958e+04 -5.6044e+04 -5.5434e+03
  9.9600e+01  2.5008e+04 -5.6157e+04 -5.5547e+03
  9.9700e+01  2.5058e+04 -5.6269e+04 -5.5661e+03
  9.9800e+01  2.5108e+04 -5.6382e+04 -5.5776e+03
  9.9900e+01  2.5158e+04 -5.6495e+04 -5.5890e+03
  1.0000e+02  2.5208e+04 -5.6608e+04 -5.6004e+03
