  0.0000e+00  9.4667e-01  1.9271e-02  4.0490e-01  3.4467e-01  2.7420e-01  5.6103e-01
  9.9900e-02  2.8764e+02 -1.5971e+03 -4.2572e+03 -2.8596e+02  1.5974e+03  4.2586e+03
  1.9980e-01  1.1472e+03 -6.3885e+03 -1.7030e+04 -1.1451e+03  6.3887e+03  1.7032e+04
  2.9970e-01  2.5796e+03 -1.4374e+04 -3.8319e+04 -2.5769e+03  1.4374e+04  3.8321e+04
  3.9960e-01  4.5848e+03 -2.5554e+04 -6.8124e+04 -4.5816e+03  2.5554e+04  6.8126e+04
  4.9950e-01  7.1629e+03 -3.9929e+04 -1.0644e+05 -7.1591e+03  3.9928e+04  1.0645e+05
  5.9940e-01  1.0314e+04 -5.7498e+04 -1.5328e+05 -1.0309e+04  5.7496e+04  1.5328e+05
  6.9930e-01  1.4038e+04 -7.8261e+04 -2.0863e+05 -1.4032e+04  7.8258e+04  2.0863e+05
  7.9920e-01  1.8334e+04 -1.0222e+05 -2.7250e+05 -1.8328e+04  1.0221e+05  2.7250e+05
  8.9910e-01  2.3204e+04 -1.2937e+05 -3.4488e+05 -2.3197e+04  1.2937e+05  3.4488e+05
  9.9900e-01  2.8646e+04 -1.5972e+05 -4.2578e+05 -2.8638e+04  1.5971e+05  4.2578e+05
  1.0989e+00  3.4661e+04 -1.9326e+05 -5.1519e+05 -3.4652e+04  1.9325e+05  5.1520e+05
  1.1988e+00  4.1249e+04 -2.2999e+05 -6.1312e+05 -4.1239e+04  2.2998e+05  6.1313e+05
  1.2987e+00  4.8410e+04 -2.6992e+05 -7.1957e+05 -4.8399e+04  2.6991e+05  7.1957e+05
  1.3986e+00  5.6144e+04 -3.1304e+05 -8.3453e+05 -5.6132e+04  3.1303e+05  8.3453e+05
  1.4985e+00  6.4450e+04 -3.5936e+05 -9.5801e+05 -6.4437e+04  3.5935e+05  9.5801e+05
  1.5984e+00  7.3330e+04 -4.0887e+05 -1.0900e+06 -7.3315e+04  4.0886e+05  1.0900e+06
  1.6983e+00  8.2782e+04 -4.6158e+05 -1.2305e+06 -8.2766e+04  4.6156e+05  1.2305e+06
  1.7982e+00  9.2807e+04 -5.1748e+05 -1.3795e+06 -9.2790e+04  5.1746e+05  1.3795e+06
  1.8981e+00  1.0340e+05 -5.7658e+05 -1.5371e+06 -1.0339e+05  5.7655e+05  1.5371e+06
  1.9980e+00  1.1458e+05 -6.3887e+05 -1.7031e+06 -1.1456e+05  6.3884e+05  1.7031e+06
  2.0979e+00  1.2632e+05 -7.0435e+05 -1.8777e+06 -1.2630e+05  7.0432e+05  1.8777e+06
  2.1978e+00  1.3864e+05 -7.7303e+05 -2.0608e+06 -1.3861e+05  7.7300e+05  2.0608e+06
  2.2977e+00  1.5153e+05 -8.4490e+05 -2.2524e+06 -1.5150e+05  8.4487e+05  2.2524e+06
  2.3976e+00  1.6499e+05 -9.1997e+05 -2.4525e+06 -1.6496e+05  9.1993e+05  2.4525e+06
  2.4975e+00  1.7902e+05 -9.9823e+05 -2.6611e+06 -1.7899e+05  9.9819e+05  2.6611e+06
  2.5974e+00  1.9363e+05 -1.0797e+06 -2.8783e+06 -1.9360e+05  1.0796e+06  2.8783e+06
  2.6973e+00  2.0881e+05 -1.1643e+06 -3.1039e+06 -2.0878e+05  1.1643e+06  3.1040e+06
  2.7972e+00  2.2456e+05 -1.2522e+06 -3.3381e+06 -2.2453e+05  1.2521e+06  3.3381e+06
  2.8971e+00  2.4089e+05 -1.3432e+06 -3.5808e+06 -2.4085e+05  1.3432e+06  3.5808e+06
  2.9970e+00  2.5779e+05 -1.4375e+06 -3.8320e+06 -2.5775e+05  1.4374e+06  3.8320e+06
  3.0969e+00  2.7526e+05 -1.5349e+06 -4.0918e+06 -2.7522e+05  1.5348e+06  4.0918e+06
  3.1968e+00  2.9331e+05 -1.6355e+06 -4.3600e+06 -2.9326e+05  1.6354e+06  4.3600e+06
  3.2967e+00  3.1192e+05 -1.7393e+06 -4.6368e+06 -3.1188e+05  1.7392e+06  4.6368e+06
  3.3966e+00  3.3112e+05 -1.8463e+06 -4.9220e+06 -3.3107e+05  1.8462e+06  4.9220e+06
  3.4965e+00  3.5088e+05 -1.9565e+06 -5.2158e+06 -3.5083e+05  1.9564e+06  5.2158e+06
  3.5964e+00  3.7122e+05 -2.0699e+06 -5.5181e+06 -3.7116e+05  2.0698e+06  5.5181e+06
  3.6963e+00  3.9212e+05 -2.1865e+06 -5.8290e+06 -3.9207e+05  2.1864e+06  5.8290e+06
  3.7962e+00  4.1361e+05 -2.3063e+06 -6.1483e+06 -4.1355e+05  2.3062e+06  6.1483e+06
  3.8961e+00  4.3566e+05 -2.4293e+06 -6.4761e+06 -4.3560e+05  2.4292e+06  6.4761e+06
  3.9960e+00  4.5829e+05 -2.5555e+06 -6.8125e+06 -4.5823e+05  2.5554e+06  6.8125e+06
  4.0959e+00  4.8149e+05 -2.6848e+06 -7.1574e+06 -4.8142e+05  2.6847e+06  7.1574e+06
  4.1958e+00  5.0526e+05 -2.8174e+06 -7.5108e+06 -5.0520e+05  2.8173e+06  7.5108e+06
  4.2957e+00  5.2961e+05 -2.9532e+06 -7.8727e+06 -5.2954e+05  2.9530e+06  7.8727e+06
  4.3956e+00  5.5453e+05 -3.0921e+06 -8.2431e+06 -5.5445e+05  3.0920e+06  8.2431e+06
  4.4955e+00  5.8002e+05 -3.2343e+06 -8.6221e+06 -5.7994e+05  3.2341e+06  8.6221e+06
  4.5954e+00  6.0609e+05 -3.3796e+06 -9.0095e+06 -6.0601e+05  3.3795e+06  9.0095e+06
  4.6953e+00  6.3272e+05 -3.5282e+06 -9.4055e+06 -6.3264e+05  3.5280e+06  9.4055e+06
  4.7952e+00  6.5993e+05 -3.6799e+06 -9.8100e+06 -6.5985e+05  3.6797e+06  9.8100e+06
  4.8951e+00  6.8772e+05 -3.8348e+06 -1.0223e+07 -6.8763e+05  3.8346e+06  1.0223e+07
  4.9950e+00  7.1607e+05 -3.9929e+06 -1.0645e+07 -7.1598e+05  3.9928e+06  1.0645e+07
  5.0949e+00  7.4500e+05 -4.1542e+06 -1.1075e+07 -7.4491e+05  4.1541e+06  1.1075e+07
  5.1948e+00  7.7450e+05 -4.3188e+06 -1.1513e+07 -7.7440e+05  4.3186e+06  1.1513e+07
  5.2947e+00  8.0458e+05 -4.4865e+06 -1.1960e+07 -8.0448e+05  4.4863e+06  1.1960e+07
  5.3946e+00  8.3523e+05 -4.6574e+06 -1.2416e+07 -8.3512e+05  4.6571e+06  1.2416e+07
  5.4945e+00  8.6645e+05 -4.8314e+06 -1.2880e+07 -8.6634e+05  4.8312e+06  1.2880e+07
  5.5944e+00  8.9824e+05 -5.0087e+06 -1.3353e+07 -8.9813e+05  5.0085e+06  1.3353e+07
  5.6943e+00  9.3061e+05 -5.1892e+06 -1.3834e+07 -9.3049e+05  5.1890e+06  1.3834e+07
  5.7942e+00  9.6354e+05 -5.3729e+06 -1.4323e+07 -9.6342e+05  5.3726e+06  1.4323e+07
  5.8941e+00  9.9706e+05 -5.5598e+06 -1.4821e+07 -9.9693e+05  5.5595e+06  1.4821e+07
  5.9940e+00  1.0311e+06 -5.7498e+06 -1.5328e+07 -1.0310e+06  5.7496e+06  1.5328e+07
  6.0939e+00  1.0658e+06 -5.9431e+06 -1.5843e+07 -1.0657e+06  5.9428e+06  1.5843e+07
  6.1938e+00  1.1010e+06 -6.1395e+06 -1.6367e+07 -1.1009e+06  6.1393e+06  1.6367e+07
  6.2937e+00  1.1368e+06 -6.3392e+06 -1.6899e+07 -1.1367e+06  6.3389e+06  1.6899e+07
  6.3936e+00  1.1732e+06 -6.5420e+06 -1.7440e+07 -1.1731e+06  6.5417e+06  1.7440e+07
  6.4935e+00  1.2102e+06 -6.7480e+06 -1.7989e+07 -1.2100e+06  6.7477e+06  1.7989e+07
  6.5934e+00  1.2477e+06 -6.9573e+06 -1.8547e+07 -1.2475e+06  6.9570e+06  1.8547e+07
  6.6933e+00  1.2858e+06 -7.1697e+06 -1.9113e+07 -1.2856e+06  7.1694e+06  1.9113e+07
  6.7932e+00  1.3244e+06 -7.3853e+06 -1.9688e+07 -1.3243e+06  7.3850e+06  1.9688e+07
  6.8931e+00  1.3637e+06 -7.6041e+06 -2.0271e+07 -1.3635e+06  7.6038e+06  2.0271e+07
  6.9930e+00  1.4035e+06 -7.8261e+06 -2.0863e+07 -1.4033e+06  7.8258e+06  2.0863e+07
  7.0929e+00  1.4439e+06 -8.0513e+06 -2.1464e+07 -1.4437e+06  8.0510e+06  2.1464e+07
  7.1928e+00  1.4848e+06 -8.2797e+06 -2.2073e+07 -1.4847e+06  8.2794e+06  2.2073e+07
  7.2927e+00  1.5264e+06 -8.5113e+06 -2.2690e+07 -1.5262e+06  8.5109e+06  2.2690e+07
  7.3926e+00  1.5685e+06 -8.7461e+06 -2.3316e+07 -1.5683e+06  8.7457e+06  2.3316e+07
  7.4925e+00  1.6112e+06 -8.9841e+06 -2.3950e+07 -1.6110e+06  8.9837e+06  2.3950e+07
  7.5924e+00  1.6544e+06 -9.2253e+06 -2.4593e+07 -1.6542e+06  9.2248e+06  2.4593e+07
  7.6923e+00  1.6982e+06 -9.4696e+06 -2.5245e+07 -1.6980e+06  9.4692e+06  2.5245e+07
  7.7922e+00  1.7426e+06 -9.7172e+06 -2.5905e+07 -1.7424e+06  9.7168e+06  2.5905e+07
  7.8921e+00  1.7876e+06 -9.9679e+06 -2.6573e+07 -1.7874e+06  9.9675e+06  2.6573e+07
  7.9920e+00  1.8331e+06 -1.0222e+07 -2.7250e+07 -1.8329e+06  1.0221e+07  2.7250e+07
  8.0919e+00  1.8792e+06 -1.0479e+07 -2.7936e+07 -1.8790e+06  1.0479e+07  2.7936e+07
  8.1918e+00  1.9259e+06 -1.0739e+07 -2.8630e+07 -1.9257e+06  1.0739e+07  2.8630e+07
  8.2917e+00  1.9732e+06 -1.1003e+07 -2.9332e+07 -1.9730e+06  1.1002e+07  2.9332e+07
  8.3916e+00  2.0210e+06 -1.1270e+07 -3.0043e+07 -2.0208e+06  1.1269e+07  3.0043e+07
  8.4915e+00  2.0694e+06 -1.1540e+07 -3.0763e+07 -2.0692e+06  1.1539e+07  3.0763e+07
  8.5914e+00  2.1184e+06 -1.1813e+07 -3.1491e+07 -2.1182e+06  1.1812e+07  3.1491e+07
  8.6913e+00  2.1680e+06 -1.2089e+07 -3.2227e+07 -2.1677e+06  1.2088e+07  3.2227e+07
  8.7912e+00  2.2181e+06 -1.2368e+07 -3.2973e+07 -2.2178e+06  1.2368e+07  3.2973e+07
  8.8911e+00  2.2688e+06 -1.2651e+07 -3.3726e+07 -2.2685e+06  1.2651e+07  3.3726e+07
  8.9910e+00  2.3201e+06 -1.2937e+07 -3.4488e+07 -2.3198e+06  1.2937e+07  3.4488e+07
  9.0909e+00  2.3719e+06 -1.3226e+07 -3.5259e+07 -2.3716e+06  1.3226e+07  3.5259e+07
  9.1908e+00  2.4243e+06 -1.3518e+07 -3.6038e+07 -2.4240e+06  1.3518e+07  3.6038e+07
  9.2907e+00  2.4773e+06 -1.3814e+07 -3.6826e+07 -2.4770e+06  1.3813e+07  3.6826e+07
  9.3906e+00  2.5309e+06 -1.4113e+07 -3.7622e+07 -2.5306e+06  1.4112e+07  3.7622e+07
  9.4905e+00  2.5850e+06 -1.4414e+07 -3.8427e+07 -2.5847e+06  1.4414e+07  3.8427e+07
  9.5904e+00  2.6397e+06 -1.4720e+07 -3.9240e+07 -2.6394e+06  1.4719e+07  3.9240e+07
  9.6903e+00  2.6950e+06 -1.5028e+07 -4.0062e+07 -2.6947e+06  1.5027e+07  4.0062e+07
  9.7902e+00  2.7508e+06 -1.5339e+07 -4.0892e+07 -2.7505e+06  1.5339e+07  4.0892e+07
  9.8901e+00  2.8073e+06 -1.5654e+07 -4.1731e+07 -2.8069e+06  1.5653e+07  4.1731e+07
  9.9900e+00  2.8643e+06 -1.5972e+07 -4.2578e+07 -2.8639e+06  1.5971e+07  4.2578e+07
  1.0090e+01  2.9218e+06 -1.6293e+07 -4.3434e+07 -2.9215e+06  1.6292e+07  4.3434e+07
  1.0190e+01  2.9800e+06 -1.6617e+07 -4.4298e+07 -2.9796e+06  1.6616e+07  4.4298e+07
  1.0290e+01  3.0387e+06 -1.6944e+07 -4.5171e+07 -3.0383e+06  1.6944e+07  4.5171e+07
  1.0390e+01  3.0980e+06 -1.7275e+07 -4.6053e+07 -3.0976e+06  1.7274e+07  4.6053e+07
  1.0490e+01  3.1578e+06 -1.7609e+07 -4.6943e+07 -3.1575e+06  1.7608e+07  4.6942e+07
  1.0589e+01  3.2183e+06 -1.7946e+07 -4.7841e+07 -3.2179e+06  1.7945e+07  4.7841e+07
  1.0689e+01  3.2793e+06 -1.8286e+07 -4.8748e+07 -3.2789e+06  1.8285e+07  4.8748e+07
  1.0789e+01  3.3409e+06 -1.8629e+07 -4.9663e+07 -3.3405e+06  1.8629e+07  4.9663e+07
  1.0889e+01  3.4030e+06 -1.8976e+07 -5.0587e+07 -3.4026e+06  1.8975e+07  5.0587e+07
  1.0989e+01  3.4658e+06 -1.9326e+07 -5.1520e+07 -3.4654e+06  1.9325e+07  5.1520e+07
  1.1089e+01  3.5291e+06 -1.9679e+07 -5.2461e+07 -3.5287e+06  1.9678e+07  5.2461e+07
  1.1189e+01  3.5929e+06 -2.0035e+07 -5.3410e+07 -3.5925e+06  2.0034e+07  5.3410e+07
  1.1289e+01  3.6574e+06 -2.0394e+07 -5.4368e+07 -3.6570e+06  2.0393e+07  5.4368e+07
  1.1389e+01  3.7224e+06 -2.0757e+07 -5.5335e+07 -3.7220e+06  2.0756e+07  5.5335e+07
  1.1489e+01  3.7880e+06 -2.1123e+07 -5.6310e+07 -3.7876e+06  2.1122e+07  5.6310e+07
  1.1588e+01  3.8541e+06 -2.1492e+07 -5.7293e+07 -3.8537e+06  2.1491e+07  5.7293e+07
  1.1688e+01  3.9209e+06 -2.1864e+07 -5.8285e+07 -3.9204e+06  2.1863e+07  5.8285e+07
  1.1788e+01  3.9882e+06 -2.2239e+07 -5.9286e+07 -3.9877e+06  2.2238e+07  5.9286e+07
  1.1888e+01  4.0561e+06 -2.2618e+07 -6.0295e+07 -4.0556e+06  2.2617e+07  6.0295e+07
  1.1988e+01  4.1245e+06 -2.2999e+07 -6.1313e+07 -4.1241e+06  2.2998e+07  6.1313e+07
  1.2088e+01  4.1936e+06 -2.3384e+07 -6.2339e+07 -4.1931e+06  2.3383e+07  6.2339e+07
  1.2188e+01  4.2632e+06 -2.3772e+07 -6.3373e+07 -4.2627e+06  2.3771e+07  6.3373e+07
  1.2288e+01  4.3333e+06 -2.4164e+07 -6.4417e+07 -4.3328e+06  2.4163e+07  6.4416e+07
  1.2388e+01  4.4041e+06 -2.4558e+07 -6.5468e+07 -4.4036e+06  2.4557e+07  6.5468e+07
  1.2488e+01  4.4754e+06 -2.4956e+07 -6.6528e+07 -4.4749e+06  2.4955e+07  6.6528e+07
  1.2587e+01  4.5473e+06 -2.5357e+07 -6.7597e+07 -4.5468e+06  2.5356e+07  6.7597e+07
  1.2687e+01  4.6198e+06 -2.5761e+07 -6.8674e+07 -4.6192e+06  2.5760e+07  6.8674e+07
  1.2787e+01  4.6928e+06 -2.6168e+07 -6.9760e+07 -4.6923e+06  2.6167e+07  6.9760e+07
  1.2887e+01  4.7664e+06 -2.6579e+07 -7.0854e+07 -4.7659e+06  2.6577e+07  7.0854e+07
  1.2987e+01  4.8406e+06 -2.6992e+07 -7.1957e+07 -4.8400e+06  2.6991e+07  7.1957e+07
  1.3087e+01  4.9153e+06 -2.7409e+07 -7.3069e+07 -4.9148e+06  2.7408e+07  7.3068e+07
  1.3187e+01  4.9907e+06 -2.7829e+07 -7.4188e+07 -4.9901e+06  2.7828e+07  7.4188e+07
  1.3287e+01  5.0666e+06 -2.8252e+07 -7.5317e+07 -5.0660e+06  2.8251e+07  7.5316e+07
  1.3387e+01  5.1431e+06 -2.8679e+07 -7.6453e+07 -5.1425e+06  2.8678e+07  7.6453e+07
  1.3487e+01  5.2201e+06 -2.9108e+07 -7.7599e+07 -5.2195e+06  2.9107e+07  7.7599e+07
  1.3586e+01  5.2977e+06 -2.9541e+07 -7.8753e+07 -5.2971e+06  2.9540e+07  7.8753e+07
  1.3686e+01  5.3759e+06 -2.9977e+07 -7.9915e+07 -5.3753e+06  2.9976e+07  7.9915e+07
  1.3786e+01  5.4547e+06 -3.0417e+07 -8.1086e+07 -5.4541e+06  3.0415e+07  8.1086e+07
  1.3886e+01  5.5340e+06 -3.0859e+07 -8.2265e+07 -5.5334e+06  3.0858e+07  8.2265e+07
  1.3986e+01  5.6139e+06 -3.1305e+07 -8.3453e+07 -5.6133e+06  3.1303e+07  8.3453e+07
  1.4086e+01  5.6944e+06 -3.1753e+07 -8.4650e+07 -5.6938e+06  3.1752e+07  8.4650e+07
  1.4186e+01  5.7755e+06 -3.2205e+07 -8.5855e+07 -5.7748e+06  3.2204e+07  8.5855e+07
  1.4286e+01  5.8571e+06 -3.2661e+07 -8.7068e+07 -5.8565e+06  3.2659e+07  8.7068e+07
  1.4386e+01  5.9393e+06 -3.3119e+07 -8.8290e+07 -5.9387e+06  3.3117e+07  8.8290e+07
  1.4486e+01  6.0221e+06 -3.3581e+07 -8.9521e+07 -6.0214e+06  3.3579e+07  8.9521e+07
  1.4585e+01  6.1054e+06 -3.4045e+07 -9.0760e+07 -6.1048e+06  3.4044e+07  9.0760e+07
  1.4685e+01  6.1894e+06 -3.4513e+07 -9.2007e+07 -6.1887e+06  3.4512e+07  9.2007e+07
  1.4785e+01  6.2739e+06 -3.4984e+07 -9.3263e+07 -6.2732e+06  3.4983e+07  9.3263e+07
  1.4885e+01  6.3589e+06 -3.5459e+07 -9.4528e+07 -6.3582e+06  3.5457e+07  9.4528e+07
  1.4985e+01  6.4446e+06 -3.5936e+07 -9.5801e+07 -6.4439e+06  3.5935e+07  9.5801e+07
  1.5085e+01  6.5308e+06 -3.6417e+07 -9.7083e+07 -6.5301e+06  3.6415e+07  9.7082e+07
  1.5185e+01  6.6176e+06 -3.6901e+07 -9.8373e+07 -6.6168e+06  3.6899e+07  9.8373e+07
  1.5285e+01  6.7049e+06 -3.7388e+07 -9.9671e+07 -6.7042e+06  3.7387e+07  9.9671e+07
  1.5385e+01  6.7929e+06 -3.7879e+07 -1.0098e+08 -6.7921e+06  3.7877e+07  1.0098e+08
  1.5485e+01  6.8814e+06 -3.8372e+07 -1.0229e+08 -6.8806e+06  3.8370e+07  1.0229e+08
  1.5584e+01  6.9704e+06 -3.8869e+07 -1.0362e+08 -6.9697e+06  3.8867e+07  1.0362e+08
  1.5684e+01  7.0601e+06 -3.9369e+07 -1.0495e+08 -7.0593e+06  3.9367e+07  1.0495e+08
  1.5784e+01  7.1503e+06 -3.9872e+07 -1.0629e+08 -7.1495e+06  3.9870e+07  1.0629e+08
  1.5884e+01  7.2411e+06 -4.0378e+07 -1.0764e+08 -7.2403e+06  4.0376e+07  1.0764e+08
  1.5984e+01  7.3325e+06 -4.0888e+07 -1.0900e+08 -7.3317e+06  4.0886e+07  1.0900e+08
  1.6084e+01  7.4244e+06 -4.1400e+07 -1.1037e+08 -7.4236e+06  4.1398e+07  1.1037e+08
  1.6184e+01  7.5169e+06 -4.1916e+07 -1.1174e+08 -7.5161e+06  4.1914e+07  1.1174e+08
  1.6284e+01  7.6100e+06 -4.2435e+07 -1.1313e+08 -7.6092e+06  4.2433e+07  1.1313e+08
  1.6384e+01  7.7037e+06 -4.2958e+07 -1.1452e+08 -7.7028e+06  4.2956e+07  1.1452e+08
  1.6484e+01  7.7979e+06 -4.3483e+07 -1.1592e+08 -7.7971e+06  4.3481e+07  1.1592e+08
  1.6583e+01  7.8927e+06 -4.4012e+07 -1.1733e+08 -7.8919e+06  4.4010e+07  1.1733e+08
  1.6683e+01  7.9881e+06 -4.4544e+07 -1.1875e+08 -7.9872e+06  4.4542e+07  1.1875e+08
  1.6783e+01  8.0841e+06 -4.5079e+07 -1.2017e+08 -8.0832e+06  4.5077e+07  1.2017e+08
  1.6883e+01  8.1806e+06 -4.5617e+07 -1.2161e+08 -8.1797e+06  4.5615e+07  1.2161e+08
  1.6983e+01  8.2777e+06 -4.6158e+07 -1.2305e+08 -8.2768e+06  4.6156e+07  1.2305e+08
  1.7083e+01  8.3753e+06 -4.6703e+07 -1.2450e+08 -8.3744e+06  4.6701e+07  1.2450e+08
  1.7183e+01  8.4736e+06 -4.7251e+07 -1.2596e+08 -8.4727e+06  4.7249e+07  1.2596e+08
  1.7283e+01  8.5724e+06 -4.7802e+07 -1.2743e+08 -8.5715e+06  4.7800e+07  1.2743e+08
  1.7383e+01  8.6718e+06 -4.8356e+07 -1.2891e+08 -8.6709e+06  4.8354e+07  1.2891e+08
  1.7483e+01  8.7718e+06 -4.8913e+07 -1.3040e+08 -8.7708e+06  4.8911e+07  1.3040e+08
  1.7582e+01  8.8723e+06 -4.9474e+07 -1.3189e+08 -8.8713e+06  4.9472e+07  1.3189e+08
  1.7682e+01  8.9734e+06 -5.0038e+07 -1.3339e+08 -8.9724e+06  5.0036e+07  1.3339e+08
  1.7782e+01  9.0751e+06 -5.0605e+07 -1.3490e+08 -9.0741e+06  5.0603e+07  1.3490e+08
  1.7882e+01  9.1773e+06 -5.1175e+07 -1.3642e+08 -9.1763e+06  5.1173e+07  1.3642e+08
  1.7982e+01  9.2802e+06 -5.1748e+07 -1.3795e+08 -9.2792e+06  5.1746e+07  1.3795e+08
  1.8082e+01  9.3836e+06 -5.2325e+07 -1.3949e+08 -9.3825e+06  5.2323e+07  1.3949e+08
  1.8182e+01  9.4875e+06 -5.2905e+07 -1.4104e+08 -9.4865e+06  5.2902e+07  1.4104e+08
  1.8282e+01  9.5921e+06 -5.3488e+07 -1.4259e+08 -9.5910e+06  5.3485e+07  1.4259e+08
  1.8382e+01  9.6972e+06 -5.4074e+07 -1.4415e+08 -9.6961e+06  5.4071e+07  1.4415e+08
  1.8482e+01  9.8029e+06 -5.4663e+07 -1.4572e+08 -9.8018e+06  5.4661e+07  1.4572e+08
  1.8581e+01  9.9091e+06 -5.5256e+07 -1.4730e+08 -9.9081e+06  5.5253e+07  1.4730e+08
  1.8681e+01  1.0016e+07 -5.5852e+07 -1.4889e+08 -1.0015e+07  5.5849e+07  1.4889e+08
  1.8781e+01  1.0123e+07 -5.6450e+07 -1.5049e+08 -1.0122e+07  5.6448e+07  1.5049e+08
  1.8881e+01  1.0231e+07 -5.7053e+07 -1.5209e+08 -1.0230e+07  5.7050e+07  1.5209e+08
  1.8981e+01  1.0340e+07 -5.7658e+07 -1.5371e+08 -1.0339e+07  5.7655e+07  1.5371e+08
  1.9081e+01  1.0449e+07 -5.8266e+07 -1.5533e+08 -1.0448e+07  5.8264e+07  1.5533e+08
  1.9181e+01  1.0559e+07 -5.8878e+07 -1.5696e+08 -1.0558e+07  5.8875e+07  1.5696e+08
  1.9281e+01  1.0669e+07 -5.9493e+07 -1.5860e+08 -1.0668e+07  5.9490e+07  1.5860e+08
  1.9381e+01  1.0780e+07 -6.0111e+07 -1.6025e+08 -1.0779e+07  6.0108e+07  1.6025e+08
  1.9481e+01  1.0891e+07 -6.0732e+07 -1.6190e+08 -1.0890e+07  6.0730e+07  1.6190e+08
  1.9580e+01  1.1003e+07 -6.1357e+07 -1.6357e+08 -1.1002e+07  6.1354e+07  1.6357e+08
  1.9680e+01  1.1116e+07 -6.1985e+07 -1.6524e+08 -1.1115e+07  6.1982e+07  1.6524e+08
  1.9780e+01  1.1229e+07 -6.2616e+07 -1.6692e+08 -1.1228e+07  6.2613e+07  1.6692e+08
  1.9880e+01  1.1343e+07 -6.3250e+07 -1.6861e+08 -1.1341e+07  6.3247e+07  1.6861e+08
  1.9980e+01  1.1457e+07 -6.3887e+07 -1.7031e+08 -1.1456e+07  6.3884e+07  1.7031e+08
  2.0080e+01  1.1572e+07 -6.4527e+07 -1.7202e+08 -1.1571e+07  6.4524e+07  1.7202e+08
  2.0180e+01  1.1687e+07 -6.5171e+07 -1.7374e+08 -1.1686e+07  6.5168e+07  1.7374e+08
  2.0280e+01  1.1803e+07 -6.5818e+07 -1.7546e+08 -1.1802e+07  6.5815e+07  1.7546e+08
  2.0380e+01  1.1920e+07 -6.6468e+07 -1.7719e+08 -1.1919e+07  6.6465e+07  1.7719e+08
  2.0480e+01  1.2037e+07 -6.7121e+07 -1.7894e+08 -1.2036e+07  6.7118e+07  1.7893e+08
  2.0579e+01  1.2155e+07 -6.7778e+07 -1.8069e+08 -1.2153e+07  6.7775e+07  1.8068e+08
  2.0679e+01  1.2273e+07 -6.8437e+07 -1.8244e+08 -1.2272e+07  6.8434e+07  1.8244e+08
  2.0779e+01  1.2392e+07 -6.9100e+07 -1.8421e+08 -1.2391e+07  6.9097e+07  1.8421e+08
  2.0879e+01  1.2511e+07 -6.9766e+07 -1.8599e+08 -1.2510e+07  6.9763e+07  1.8599e+08
  2.0979e+01  1.2631e+07 -7.0435e+07 -1.8777e+08 -1.2630e+07  7.0432e+07  1.8777e+08
  2.1079e+01  1.2752e+07 -7.1108e+07 -1.8956e+08 -1.2751e+07  7.1104e+07  1.8956e+08
  2.1179e+01  1.2873e+07 -7.1783e+07 -1.9136e+08 -1.2872e+07  7.1780e+07  1.9136e+08
  2.1279e+01  1.2995e+07 -7.2462e+07 -1.9317e+08 -1.2993e+07  7.2459e+07  1.9317e+08
  2.1379e+01  1.3117e+07 -7.3144e+07 -1.9499e+08 -1.3116e+07  7.3141e+07  1.9499e+08
  2.1479e+01  1.3240e+07 -7.3829e+07 -1.9682e+08 -1.3239e+07  7.3826e+07  1.9682e+08
  2.1578e+01  1.3363e+07 -7.4518e+07 -1.9865e+08 -1.3362e+07  7.4514e+07  1.9865e+08
  2.1678e+01  1.3487e+07 -7.5209e+07 -2.0050e+08 -1.3486e+07  7.5206e+07  2.0050e+08
  2.1778e+01  1.3612e+07 -7.5904e+07 -2.0235e+08 -1.3611e+07  7.5901e+07  2.0235e+08
  2.1878e+01  1.3737e+07 -7.6602e+07 -2.0421e+08 -1.3736e+07  7.6599e+07  2.0421e+08
  2.1978e+01  1.3863e+07 -7.7303e+07 -2.0608e+08 -1.3861e+07  7.7300e+07  2.0608e+08
  2.2078e+01  1.3989e+07 -7.8007e+07 -2.0796e+08 -1.3988e+07  7.8004e+07  2.0796e+08
  2.2178e+01  1.4116e+07 -7.8715e+07 -2.0984e+08 -1.4115e+07  7.8711e+07  2.0984e+08
  2.2278e+01  1.4244e+07 -7.9426e+07 -2.1174e+08 -1.4242e+07  7.9422e+07  2.1174e+08
  2.2378e+01  1.4372e+07 -8.0140e+07 -2.1364e+08 -1.4370e+07  8.0136e+07  2.1364e+08
  2.2478e+01  1.4500e+07 -8.0857e+07 -2.1555e+08 -1.4499e+07  8.0853e+07  2.1555e+08
  2.2577e+01  1.4629e+07 -8.1577e+07 -2.1747e+08 -1.4628e+07  8.1573e+07  2.1747e+08
  2.2677e+01  1.4759e+07 -8.2301e+07 -2.1940e+08 -1.4758e+07  8.2297e+07  2.1940e+08
  2.2777e+01  1.4889e+07 -8.3027e+07 -2.2134e+08 -1.4888e+07  8.3024e+07  2.2134e+08
  2.2877e+01  1.5020e+07 -8.3757e+07 -2.2328e+08 -1.5019e+07  8.3754e+07  2.2328e+08
  2.2977e+01  1.5152e+07 -8.4490e+07 -2.2524e+08 -1.5150e+07  8.4487e+07  2.2524e+08
  2.3077e+01  1.5284e+07 -8.5227e+07 -2.2720e+08 -1.5282e+07  8.5223e+07  2.2720e+08
  2.3177e+01  1.5417e+07 -8.5966e+07 -2.2917e+08 -1.5415e+07  8.5962e+07  2.2917e+08
  2.3277e+01  1.5550e+07 -8.6709e+07 -2.3115e+08 -1.5548e+07  8.6705e+07  2.3115e+08
  2.3377e+01  1.5683e+07 -8.7455e+07 -2.3314e+08 -1.5682e+07  8.7451e+07  2.3314e+08
  2.3477e+01  1.5818e+07 -8.8204e+07 -2.3514e+08 -1.5816e+07  8.8200e+07  2.3514e+08
  2.3576e+01  1.5953e+07 -8.8956e+07 -2.3714e+08 -1.5951e+07  8.8952e+07  2.3714e+08
  2.3676e+01  1.6088e+07 -8.9712e+07 -2.3916e+08 -1.6086e+07  8.9708e+07  2.3916e+08
  2.3776e+01  1.6224e+07 -9.0470e+07 -2.4118e+08 -1.6222e+07  9.0466e+07  2.4118e+08
  2.3876e+01  1.6361e+07 -9.1232e+07 -2.4321e+08 -1.6359e+07  9.1228e+07  2.4321e+08
  2.3976e+01  1.6498e+07 -9.1997e+07 -2.4525e+08 -1.6496e+07  9.1993e+07  2.4525e+08
  2.4076e+01  1.6636e+07 -9.2765e+07 -2.4730e+08 -1.6634e+07  9.2761e+07  2.4730e+08
  2.4176e+01  1.6774e+07 -9.3537e+07 -2.4936e+08 -1.6772e+07  9.3533e+07  2.4935e+08
  2.4276e+01  1.6913e+07 -9.4311e+07 -2.5142e+08 -1.6911e+07  9.4307e+07  2.5142e+08
  2.4376e+01  1.7053e+07 -9.5089e+07 -2.5349e+08 -1.7051e+07  9.5085e+07  2.5349e+08
  2.4476e+01  1.7193e+07 -9.5870e+07 -2.5558e+08 -1.7191e+07  9.5866e+07  2.5558e+08
  2.4575e+01  1.7333e+07 -9.6654e+07 -2.5767e+08 -1.7331e+07  9.6650e+07  2.5767e+08
  2.4675e+01  1.7474e+07 -9.7442e+07 -2.5977e+08 -1.7473e+07  9.7437e+07  2.5976e+08
  2.4775e+01  1.7616e+07 -9.8232e+07 -2.6187e+08 -1.7614e+07  9.8228e+07  2.6187e+08
  2.4875e+01  1.7759e+07 -9.9026e+07 -2.6399e+08 -1.7757e+07  9.9022e+07  2.6399e+08
  2.4975e+01  1.7902e+07 -9.9823e+07 -2.6611e+08 -1.7900e+07  9.9819e+07  2.6611e+08
  2.5075e+01  1.8045e+07 -1.0062e+08 -2.6825e+08 -1.8043e+07  1.0062e+08  2.6825e+08
  2.5175e+01  1.8189e+07 -1.0143e+08 -2.7039e+08 -1.8187e+07  1.0142e+08  2.7039e+08
  2.5275e+01  1.8334e+07 -1.0223e+08 -2.7254e+08 -1.8332e+07  1.0223e+08  2.7254e+08
  2.5375e+01  1.8479e+07 -1.0304e+08 -2.7470e+08 -1.8477e+07  1.0304e+08  2.7470e+08
  2.5475e+01  1.8625e+07 -1.0386e+08 -2.7687e+08 -1.8623e+07  1.0385e+08  2.7686e+08
  2.5574e+01  1.8771e+07 -1.0467e+08 -2.7904e+08 -1.8769e+07  1.0467e+08  2.7904e+08
  2.5674e+01  1.8918e+07 -1.0549e+08 -2.8123e+08 -1.8916e+07  1.0549e+08  2.8122e+08
  2.5774e+01  1.9066e+07 -1.0631e+08 -2.8342e+08 -1.9064e+07  1.0631e+08  2.8342e+08
  2.5874e+01  1.9214e+07 -1.0714e+08 -2.8562e+08 -1.9212e+07  1.0714e+08  2.8562e+08
  2.5974e+01  1.9362e+07 -1.0797e+08 -2.8783e+08 -1.9360e+07  1.0796e+08  2.8783e+08
  2.6074e+01  1.9512e+07 -1.0880e+08 -2.9005e+08 -1.9509e+07  1.0880e+08  2.9005e+08
  2.6174e+01  1.9661e+07 -1.0964e+08 -2.9227e+08 -1.9659e+07  1.0963e+08  2.9227e+08
  2.6274e+01  1.9812e+07 -1.1047e+08 -2.9451e+08 -1.9810e+07  1.1047e+08  2.9451e+08
  2.6374e+01  1.9963e+07 -1.1132e+08 -2.9675e+08 -1.9961e+07  1.1131e+08  2.9675e+08
  2.6474e+01  2.0114e+07 -1.1216e+08 -2.9901e+08 -2.0112e+07  1.1216e+08  2.9900e+08
  2.6573e+01  2.0266e+07 -1.1301e+08 -3.0127e+08 -2.0264e+07  1.1300e+08  3.0127e+08
  2.6673e+01  2.0419e+07 -1.1386e+08 -3.0354e+08 -2.0417e+07  1.1386e+08  3.0354e+08
  2.6773e+01  2.0572e+07 -1.1472e+08 -3.0581e+08 -2.0570e+07  1.1471e+08  3.0581e+08
  2.6873e+01  2.0726e+07 -1.1557e+08 -3.0810e+08 -2.0724e+07  1.1557e+08  3.0810e+08
  2.6973e+01  2.0880e+07 -1.1643e+08 -3.1040e+08 -2.0878e+07  1.1643e+08  3.1039e+08
  2.7073e+01  2.1035e+07 -1.1730e+08 -3.1270e+08 -2.1033e+07  1.1729e+08  3.1270e+08
  2.7173e+01  2.1191e+07 -1.1817e+08 -3.1501e+08 -2.1189e+07  1.1816e+08  3.1501e+08
  2.7273e+01  2.1347e+07 -1.1904e+08 -3.1733e+08 -2.1345e+07  1.1903e+08  3.1733e+08
  2.7373e+01  2.1504e+07 -1.1991e+08 -3.1966e+08 -2.1501e+07  1.1990e+08  3.1966e+08
  2.7473e+01  2.1661e+07 -1.2079e+08 -3.2200e+08 -2.1659e+07  1.2078e+08  3.2200e+08
  2.7572e+01  2.1819e+07 -1.2167e+08 -3.2434e+08 -2.1816e+07  1.2166e+08  3.2434e+08
  2.7672e+01  2.1977e+07 -1.2255e+08 -3.2670e+08 -2.1975e+07  1.2254e+08  3.2670e+08
  2.7772e+01  2.2136e+07 -1.2344e+08 -3.2906e+08 -2.2134e+07  1.2343e+08  3.2906e+08
  2.7872e+01  2.2296e+07 -1.2433e+08 -3.3143e+08 -2.2293e+07  1.2432e+08  3.3143e+08
  2.7972e+01  2.2456e+07 -1.2522e+08 -3.3381e+08 -2.2453e+07  1.2521e+08  3.3381e+08
  2.8072e+01  2.2616e+07 -1.2611e+08 -3.3620e+08 -2.2614e+07  1.2611e+08  3.3620e+08
  2.8172e+01  2.2778e+07 -1.2701e+08 -3.3860e+08 -2.2775e+07  1.2701e+08  3.3860e+08
  2.8272e+01  2.2939e+07 -1.2792e+08 -3.4100e+08 -2.2937e+07  1.2791e+08  3.4100e+08
  2.8372e+01  2.3102e+07 -1.2882e+08 -3.4342e+08 -2.3099e+07  1.2882e+08  3.4342e+08
  2.8472e+01  2.3265e+07 -1.2973e+08 -3.4584e+08 -2.3262e+07  1.2972e+08  3.4584e+08
  2.8571e+01  2.3428e+07 -1.3064e+08 -3.4827e+08 -2.3426e+07  1.3064e+08  3.4827e+08
  2.8671e+01  2.3592e+07 -1.3156e+08 -3.5071e+08 -2.3590e+07  1.3155e+08  3.5071e+08
  2.8771e+01  2.3757e+07 -1.3248e+08 -3.5316e+08 -2.3755e+07  1.3247e+08  3.5316e+08
  2.8871e+01  2.3922e+07 -1.3340e+08 -3.5562e+08 -2.3920e+07  1.3339e+08  3.5562e+08
  2.8971e+01  2.4088e+07 -1.3432e+08 -3.5808e+08 -2.4086e+07  1.3432e+08  3.5808e+08
  2.9071e+01  2.4255e+07 -1.3525e+08 -3.6056e+08 -2.4252e+07  1.3524e+08  3.6056e+08
  2.9171e+01  2.4422e+07 -1.3618e+08 -3.6304e+08 -2.4419e+07  1.3618e+08  3.6304e+08
  2.9271e+01  2.4589e+07 -1.3712e+08 -3.6553e+08 -2.4587e+07  1.3711e+08  3.6553e+08
  2.9371e+01  2.4757e+07 -1.3805e+08 -3.6803e+08 -2.4755e+07  1.3805e+08  3.6803e+08
  2.9471e+01  2.4926e+07 -1.3899e+08 -3.7054e+08 -2.4923e+07  1.3899e+08  3.7054e+08
  2.9570e+01  2.5095e+07 -1.3994e+08 -3.7305e+08 -2.5093e+07  1.3993e+08  3.7305e+08
  2.9670e+01  2.5265e+07 -1.4088e+08 -3.7558e+08 -2.5263e+07  1.4088e+08  3.7558e+08
  2.9770e+01  2.5436e+07 -1.4184e+08 -3.7811e+08 -2.5433e+07  1.4183e+08  3.7811e+08
  2.9870e+01  2.5607e+07 -1.4279e+08 -3.8065e+08 -2.5604e+07  1.4278e+08  3.8065e+08
  2.9970e+01  2.5778e+07 -1.4375e+08 -3.8320e+08 -2.5775e+07  1.4374e+08  3.8320e+08
  3.0070e+01  2.5950e+07 -1.4471e+08 -3.8576e+08 -2.5948e+07  1.4470e+08  3.8576e+08
  3.0170e+01  2.6123e+07 -1.4567e+08 -3.8833e+08 -2.6120e+07  1.4566e+08  3.8833e+08
  3.0270e+01  2.6296e+07 -1.4663e+08 -3.9091e+08 -2.6294e+07  1.4663e+08  3.9091e+08
  3.0370e+01  2.6470e+07 -1.4760e+08 -3.9349e+08 -2.6467e+07  1.4760e+08  3.9349e+08
  3.0470e+01  2.6645e+07 -1.4858e+08 -3.9608e+08 -2.6642e+07  1.4857e+08  3.9608e+08
  3.0569e+01  2.6820e+07 -1.4955e+08 -3.9869e+08 -2.6817e+07  1.4955e+08  3.9868e+08
  3.0669e+01  2.6995e+07 -1.5053e+08 -4.0130e+08 -2.6992e+07  1.5053e+08  4.0129e+08
  3.0769e+01  2.7171e+07 -1.5151e+08 -4.0391e+08 -2.7168e+07  1.5151e+08  4.0391e+08
  3.0869e+01  2.7348e+07 -1.5250e+08 -4.0654e+08 -2.7345e+07  1.5249e+08  4.0654e+08
  3.0969e+01  2.7525e+07 -1.5349e+08 -4.0918e+08 -2.7522e+07  1.5348e+08  4.0918e+08
  3.1069e+01  2.7703e+07 -1.5448e+08 -4.1182e+08 -2.7700e+07  1.5447e+08  4.1182e+08
  3.1169e+01  2.7882e+07 -1.5548e+08 -4.1447e+08 -2.7879e+07  1.5547e+08  4.1447e+08
  3.1269e+01  2.8061e+07 -1.5647e+08 -4.1713e+08 -2.8058e+07  1.5647e+08  4.1713e+08
  3.1369e+01  2.8240e+07 -1.5747e+08 -4.1980e+08 -2.8237e+07  1.5747e+08  4.1980e+08
  3.1469e+01  2.8420e+07 -1.5848e+08 -4.2248e+08 -2.8417e+07  1.5847e+08  4.2248e+08
  3.1568e+01  2.8601e+07 -1.5949e+08 -4.2517e+08 -2.8598e+07  1.5948e+08  4.2517e+08
  3.1668e+01  2.8782e+07 -1.6050e+08 -4.2786e+08 -2.8779e+07  1.6049e+08  4.2786e+08
  3.1768e+01  2.8964e+07 -1.6151e+08 -4.3057e+08 -2.8961e+07  1.6151e+08  4.3057e+08
  3.1868e+01  2.9147e+07 -1.6253e+08 -4.3328e+08 -2.9144e+07  1.6252e+08  4.3328e+08
  3.1968e+01  2.9330e+07 -1.6355e+08 -4.3600e+08 -2.9327e+07  1.6354e+08  4.3600e+08
  3.2068e+01  2.9513e+07 -1.6457e+08 -4.3873e+08 -2.9510e+07  1.6457e+08  4.3873e+08
  3.2168e+01  2.9698e+07 -1.6560e+08 -4.4147e+08 -2.9694e+07  1.6559e+08  4.4147e+08
  3.2268e+01  2.9882e+07 -1.6663e+08 -4.4421e+08 -2.9879e+07  1.6662e+08  4.4421e+08
  3.2368e+01  3.0068e+07 -1.6766e+08 -4.4697e+08 -3.0064e+07  1.6766e+08  4.4697e+08
  3.2468e+01  3.0254e+07 -1.6870e+08 -4.4973e+08 -3.0250e+07  1.6869e+08  4.4973e+08
  3.2567e+01  3.0440e+07 -1.6974e+08 -4.5250e+08 -3.0437e+07  1.6973e+08  4.5250e+08
  3.2667e+01  3.0627e+07 -1.7078e+08 -4.5528e+08 -3.0624e+07  1.7078e+08  4.5528e+08
  3.2767e+01  3.0815e+07 -1.7183e+08 -4.5807e+08 -3.0811e+07  1.7182e+08  4.5807e+08
  3.2867e+01  3.1003e+07 -1.7288e+08 -4.6087e+08 -3.1000e+07  1.7287e+08  4.6087e+08
  3.2967e+01  3.1192e+07 -1.7393e+08 -4.6368e+08 -3.1188e+07  1.7392e+08  4.6368e+08
  3.3067e+01  3.1381e+07 -1.7499e+08 -4.6649e+08 -3.1378e+07  1.7498e+08  4.6649e+08
  3.3167e+01  3.1571e+07 -1.7605e+08 -4.6931e+08 -3.1567e+07  1.7604e+08  4.6931e+08
  3.3267e+01  3.1761e+07 -1.7711e+08 -4.7215e+08 -3.1758e+07  1.7710e+08  4.7214e+08
  3.3367e+01  3.1952e+07 -1.7817e+08 -4.7499e+08 -3.1949e+07  1.7817e+08  4.7498e+08
  3.3467e+01  3.2144e+07 -1.7924e+08 -4.7783e+08 -3.2141e+07  1.7923e+08  4.7783e+08
  3.3566e+01  3.2336e+07 -1.8031e+08 -4.8069e+08 -3.2333e+07  1.8031e+08  4.8069e+08
  3.3666e+01  3.2529e+07 -1.8139e+08 -4.8356e+08 -3.2525e+07  1.8138e+08  4.8356e+08
  3.3766e+01  3.2722e+07 -1.8247e+08 -4.8643e+08 -3.2719e+07  1.8246e+08  4.8643e+08
  3.3866e+01  3.2916e+07 -1.8355e+08 -4.8931e+08 -3.2913e+07  1.8354e+08  4.8931e+08
  3.3966e+01  3.3111e+07 -1.8463e+08 -4.9220e+08 -3.3107e+07  1.8462e+08  4.9220e+08
  3.4066e+01  3.3306e+07 -1.8572e+08 -4.9510e+08 -3.3302e+07  1.8571e+08  4.9510e+08
  3.4166e+01  3.3501e+07 -1.8681e+08 -4.9801e+08 -3.3498e+07  1.8680e+08  4.9801e+08
  3.4266e+01  3.3697e+07 -1.8791e+08 -5.0093e+08 -3.3694e+07  1.8790e+08  5.0093e+08
  3.4366e+01  3.3894e+07 -1.8900e+08 -5.0385e+08 -3.3891e+07  1.8899e+08  5.0385e+08
  3.4466e+01  3.4092e+07 -1.9010e+08 -5.0679e+08 -3.4088e+07  1.9009e+08  5.0679e+08
  3.4565e+01  3.4290e+07 -1.9121e+08 -5.0973e+08 -3.4286e+07  1.9120e+08  5.0973e+08
  3.4665e+01  3.4488e+07 -1.9231e+08 -5.1268e+08 -3.4484e+07  1.9231e+08  5.1268e+08
  3.4765e+01  3.4687e+07 -1.9342e+08 -5.1564e+08 -3.4683e+07  1.9342e+08  5.1564e+08
  3.4865e+01  3.4887e+07 -1.9454e+08 -5.1861e+08 -3.4883e+07  1.9453e+08  5.1861e+08
  3.4965e+01  3.5087e+07 -1.9565e+08 -5.2158e+08 -3.5083e+07  1.9564e+08  5.2158e+08
  3.5065e+01  3.5288e+07 -1.9677e+08 -5.2457e+08 -3.5284e+07  1.9676e+08  5.2457e+08
  3.5165e+01  3.5489e+07 -1.9790e+08 -5.2756e+08 -3.5485e+07  1.9789e+08  5.2756e+08
  3.5265e+01  3.5691e+07 -1.9902e+08 -5.3056e+08 -3.5687e+07  1.9901e+08  5.3056e+08
  3.5365e+01  3.5894e+07 -2.0015e+08 -5.3357e+08 -3.5890e+07  2.0014e+08  5.3357e+08
  3.5465e+01  3.6097e+07 -2.0128e+08 -5.3659e+08 -3.6093e+07  2.0127e+08  5.3659e+08
  3.5564e+01  3.6300e+07 -2.0242e+08 -5.3962e+08 -3.6296e+07  2.0241e+08  5.3962e+08
  3.5664e+01  3.6504e+07 -2.0356e+08 -5.4266e+08 -3.6501e+07  2.0355e+08  5.4265e+08
  3.5764e+01  3.6709e+07 -2.0470e+08 -5.4570e+08 -3.6705e+07  2.0469e+08  5.4570e+08
  3.5864e+01  3.6915e+07 -2.0585e+08 -5.4875e+08 -3.6911e+07  2.0584e+08  5.4875e+08
  3.5964e+01  3.7121e+07 -2.0699e+08 -5.5181e+08 -3.7117e+07  2.0698e+08  5.5181e+08
  3.6064e+01  3.7327e+07 -2.0815e+08 -5.5488e+08 -3.7323e+07  2.0814e+08  5.5488e+08
  3.6164e+01  3.7534e+07 -2.0930e+08 -5.5796e+08 -3.7530e+07  2.0929e+08  5.5796e+08
  3.6264e+01  3.7742e+07 -2.1046e+08 -5.6105e+08 -3.7738e+07  2.1045e+08  5.6105e+08
  3.6364e+01  3.7950e+07 -2.1162e+08 -5.6414e+08 -3.7946e+07  2.1161e+08  5.6414e+08
  3.6464e+01  3.8159e+07 -2.1278e+08 -5.6725e+08 -3.8155e+07  2.1277e+08  5.6725e+08
  3.6563e+01  3.8368e+07 -2.1395e+08 -5.7036e+08 -3.8364e+07  2.1394e+08  5.7036e+08
  3.6663e+01  3.8578e+07 -2.1512e+08 -5.7348e+08 -3.8574e+07  2.1511e+08  5.7348e+08
  3.6763e+01  3.8789e+07 -2.1630e+08 -5.7661e+08 -3.8785e+07  2.1629e+08  5.7661e+08
  3.6863e+01  3.9000e+07 -2.1747e+08 -5.7975e+08 -3.8996e+07  2.1746e+08  5.7975e+08
  3.6963e+01  3.9211e+07 -2.1865e+08 -5.8290e+08 -3.9207e+07  2.1864e+08  5.8289e+08
  3.7063e+01  3.9424e+07 -2.1984e+08 -5.8605e+08 -3.9420e+07  2.1983e+08  5.8605e+08
  3.7163e+01  3.9636e+07 -2.2102e+08 -5.8921e+08 -3.9632e+07  2.2101e+08  5.8921e+08
  3.7263e+01  3.9850e+07 -2.2221e+08 -5.9239e+08 -3.9846e+07  2.2220e+08  5.9239e+08
  3.7363e+01  4.0064e+07 -2.2341e+08 -5.9557e+08 -4.0060e+07  2.2340e+08  5.9557e+08
  3.7463e+01  4.0278e+07 -2.2460e+08 -5.9876e+08 -4.0274e+07  2.2459e+08  5.9875e+08
  3.7562e+01  4.0493e+07 -2.2580e+08 -6.0195e+08 -4.0489e+07  2.2579e+08  6.0195e+08
  3.7662e+01  4.0709e+07 -2.2700e+08 -6.0516e+08 -4.0705e+07  2.2699e+08  6.0516e+08
  3.7762e+01  4.0925e+07 -2.2821e+08 -6.0838e+08 -4.0921e+07  2.2820e+08  6.0837e+08
  3.7862e+01  4.1142e+07 -2.2942e+08 -6.1160e+08 -4.1138e+07  2.2941e+08  6.1160e+08
  3.7962e+01  4.1360e+07 -2.3063e+08 -6.1483e+08 -4.1355e+07  2.3062e+08  6.1483e+08
  3.8062e+01  4.1578e+07 -2.3185e+08 -6.1807e+08 -4.1573e+07  2.3184e+08  6.1807e+08
  3.8162e+01  4.1796e+07 -2.3307e+08 -6.2132e+08 -4.1792e+07  2.3306e+08  6.2132e+08
  3.8262e+01  4.2015e+07 -2.3429e+08 -6.2458e+08 -4.2011e+07  2.3428e+08  6.2457e+08
  3.8362e+01  4.2235e+07 -2.3551e+08 -6.2784e+08 -4.2231e+07  2.3550e+08  6.2784e+08
  3.8462e+01  4.2455e+07 -2.3674e+08 -6.3112e+08 -4.2451e+07  2.3673e+08  6.3111e+08
  3.8561e+01  4.2676e+07 -2.3797e+08 -6.3440e+08 -4.2672e+07  2.3796e+08  6.3440e+08
  3.8661e+01  4.2897e+07 -2.3921e+08 -6.3769e+08 -4.2893e+07  2.3920e+08  6.3769e+08
  3.8761e+01  4.3119e+07 -2.4044e+08 -6.4099e+08 -4.3115e+07  2.4043e+08  6.4099e+08
  3.8861e+01  4.3342e+07 -2.4169e+08 -6.4430e+08 -4.3337e+07  2.4167e+08  6.4430e+08
  3.8961e+01  4.3565e+07 -2.4293e+08 -6.4762e+08 -4.3561e+07  2.4292e+08  6.4761e+08
  3.9061e+01  4.3789e+07 -2.4418e+08 -6.5094e+08 -4.3784e+07  2.4417e+08  6.5094e+08
  3.9161e+01  4.4013e+07 -2.4543e+08 -6.5427e+08 -4.4008e+07  2.4542e+08  6.5427e+08
  3.9261e+01  4.4238e+07 -2.4668e+08 -6.5762e+08 -4.4233e+07  2.4667e+08  6.5761e+08
  3.9361e+01  4.4463e+07 -2.4794e+08 -6.6097e+08 -4.4459e+07  2.4793e+08  6.6097e+08
  3.9461e+01  4.4689e+07 -2.4920e+08 -6.6433e+08 -4.4685e+07  2.4919e+08  6.6433e+08
  3.9560e+01  4.4916e+07 -2.5046e+08 -6.6770e+08 -4.4911e+07  2.5045e+08  6.6769e+08
  3.9660e+01  4.5143e+07 -2.5173e+08 -6.7107e+08 -4.5138e+07  2.5172e+08  6.7107e+08
  3.9760e+01  4.5371e+07 -2.5300e+08 -6.7446e+08 -4.5366e+07  2.5299e+08  6.7445e+08
  3.9860e+01  4.5599e+07 -2.5427e+08 -6.7785e+08 -4.5594e+07  2.5426e+08  6.7785e+08
  3.9960e+01  4.5828e+07 -2.5555e+08 -6.8125e+08 -4.5823e+07  2.5554e+08  6.8125e+08
  4.0060e+01  4.6057e+07 -2.5683e+08 -6.8466e+08 -4.6052e+07  2.5682e+08  6.8466e+08
  4.0160e+01  4.6287e+07 -2.5811e+08 -6.8808e+08 -4.6282e+07  2.5810e+08  6.8808e+08
  4.0260e+01  4.6518e+07 -2.5940e+08 -6.9151e+08 -4.6513e+07  2.5938e+08  6.9151e+08
  4.0360e+01  4.6749e+07 -2.6068e+08 -6.9495e+08 -4.6744e+07  2.6067e+08  6.9494e+08
  4.0460e+01  4.6981e+07 -2.6198e+08 -6.9839e+08 -4.6976e+07  2.6196e+08  6.9839e+08
  4.0559e+01  4.7213e+07 -2.6327e+08 -7.0184e+08 -4.7208e+07  2.6326e+08  7.0184e+08
  4.0659e+01  4.7446e+07 -2.6457e+08 -7.0530e+08 -4.7441e+07  2.6456e+08  7.0530e+08
  4.0759e+01  4.7679e+07 -2.6587e+08 -7.0877e+08 -4.7674e+07  2.6586e+08  7.0877e+08
  4.0859e+01  4.7913e+07 -2.6718e+08 -7.1225e+08 -4.7908e+07  2.6716e+08  7.1225e+08
  4.0959e+01  4.8148e+07 -2.6848e+08 -7.1574e+08 -4.8143e+07  2.6847e+08  7.1574e+08
  4.1059e+01  4.8383e+07 -2.6980e+08 -7.1924e+08 -4.8378e+07  2.6978e+08  7.1923e+08
  4.1159e+01  4.8619e+07 -2.7111e+08 -7.2274e+08 -4.8614e+07  2.7110e+08  7.2274e+08
  4.1259e+01  4.8855e+07 -2.7243e+08 -7.2625e+08 -4.8850e+07  2.7242e+08  7.2625e+08
  4.1359e+01  4.9092e+07 -2.7375e+08 -7.2977e+08 -4.9087e+07  2.7374e+08  7.2977e+08
  4.1459e+01  4.9329e+07 -2.7507e+08 -7.3330e+08 -4.9324e+07  2.7506e+08  7.3330e+08
  4.1558e+01  4.9567e+07 -2.7640e+08 -7.3684e+08 -4.9562e+07  2.7639e+08  7.3684e+08
  4.1658e+01  4.9806e+07 -2.7773e+08 -7.4039e+08 -4.9801e+07  2.7772e+08  7.4039e+08
  4.1758e+01  5.0045e+07 -2.7906e+08 -7.4394e+08 -5.0040e+07  2.7905e+08  7.4394e+08
  4.1858e+01  5.0285e+07 -2.8040e+08 -7.4751e+08 -5.0280e+07  2.8039e+08  7.4751e+08
  4.1958e+01  5.0525e+07 -2.8174e+08 -7.5108e+08 -5.0520e+07  2.8173e+08  7.5108e+08
  4.2058e+01  5.0766e+07 -2.8308e+08 -7.5466e+08 -5.0761e+07  2.8307e+08  7.5466e+08
  4.2158e+01  5.1007e+07 -2.8443e+08 -7.5825e+08 -5.1002e+07  2.8442e+08  7.5825e+08
  4.2258e+01  5.1250e+07 -2.8578e+08 -7.6185e+08 -5.1244e+07  2.8577e+08  7.6185e+08
  4.2358e+01  5.1492e+07 -2.8713e+08 -7.6545e+08 -5.1487e+07  2.8712e+08  7.6545e+08
  4.2458e+01  5.1735e+07 -2.8849e+08 -7.6907e+08 -5.1730e+07  2.8848e+08  7.6907e+08
  4.2557e+01  5.1979e+07 -2.8985e+08 -7.7269e+08 -5.1974e+07  2.8984e+08  7.7269e+08
  4.2657e+01  5.2223e+07 -2.9121e+08 -7.7633e+08 -5.2218e+07  2.9120e+08  7.7632e+08
  4.2757e+01  5.2468e+07 -2.9258e+08 -7.7997e+08 -5.2463e+07  2.9256e+08  7.7996e+08
  4.2857e+01  5.2714e+07 -2.9395e+08 -7.8361e+08 -5.2708e+07  2.9393e+08  7.8361e+08
  4.2957e+01  5.2960e+07 -2.9532e+08 -7.8727e+08 -5.2954e+07  2.9530e+08  7.8727e+08
  4.3057e+01  5.3206e+07 -2.9669e+08 -7.9094e+08 -5.3201e+07  2.9668e+08  7.9094e+08
  4.3157e+01  5.3454e+07 -2.9807e+08 -7.9461e+08 -5.3448e+07  2.9806e+08  7.9461e+08
  4.3257e+01  5.3701e+07 -2.9945e+08 -7.9830e+08 -5.3696e+07  2.9944e+08  7.9829e+08
  4.3357e+01  5.3950e+07 -3.0084e+08 -8.0199e+08 -5.3944e+07  3.0082e+08  8.0198e+08
  4.3457e+01  5.4199e+07 -3.0222e+08 -8.0569e+08 -5.4193e+07  3.0221e+08  8.0568e+08
  4.3556e+01  5.4448e+07 -3.0362e+08 -8.0940e+08 -5.4442e+07  3.0360e+08  8.0939e+08
  4.3656e+01  5.4698e+07 -3.0501e+08 -8.1311e+08 -5.4692e+07  3.0500e+08  8.1311e+08
  4.3756e+01  5.4949e+07 -3.0641e+08 -8.1684e+08 -5.4943e+07  3.0639e+08  8.1684e+08
  4.3856e+01  5.5200e+07 -3.0781e+08 -8.2057e+08 -5.5194e+07  3.0779e+08  8.2057e+08
  4.3956e+01  5.5452e+07 -3.0921e+08 -8.2431e+08 -5.5446e+07  3.0920e+08  8.2431e+08
  4.4056e+01  5.5704e+07 -3.1062e+08 -8.2807e+08 -5.5698e+07  3.1061e+08  8.2806e+08
  4.4156e+01  5.5957e+07 -3.1203e+08 -8.3183e+08 -5.5951e+07  3.1202e+08  8.3182e+08
  4.4256e+01  5.6210e+07 -3.1344e+08 -8.3559e+08 -5.6205e+07  3.1343e+08  8.3559e+08
  4.4356e+01  5.6464e+07 -3.1486e+08 -8.3937e+08 -5.6459e+07  3.1485e+08  8.3937e+08
  4.4456e+01  5.6719e+07 -3.1628e+08 -8.4316e+08 -5.6713e+07  3.1627e+08  8.4315e+08
  4.4555e+01  5.6974e+07 -3.1770e+08 -8.4695e+08 -5.6968e+07  3.1769e+08  8.4695e+08
  4.4655e+01  5.7230e+07 -3.1913e+08 -8.5075e+08 -5.7224e+07  3.1911e+08  8.5075e+08
  4.4755e+01  5.7486e+07 -3.2056e+08 -8.5456e+08 -5.7480e+07  3.2054e+08  8.5456e+08
  4.4855e+01  5.7743e+07 -3.2199e+08 -8.5838e+08 -5.7737e+07  3.2198e+08  8.5838e+08
  4.4955e+01  5.8001e+07 -3.2343e+08 -8.6221e+08 -5.7995e+07  3.2341e+08  8.6221e+08
  4.5055e+01  5.8259e+07 -3.2487e+08 -8.6605e+08 -5.8253e+07  3.2485e+08  8.6604e+08
  4.5155e+01  5.8518e+07 -3.2631e+08 -8.6989e+08 -5.8511e+07  3.2629e+08  8.6989e+08
  4.5255e+01  5.8777e+07 -3.2775e+08 -8.7374e+08 -5.8771e+07  3.2774e+08  8.7374e+08
  4.5355e+01  5.9037e+07 -3.2920e+08 -8.7761e+08 -5.9030e+07  3.2919e+08  8.7760e+08
  4.5455e+01  5.9297e+07 -3.3065e+08 -8.8148e+08 -5.9291e+07  3.3064e+08  8.8147e+08
  4.5554e+01  5.9558e+07 -3.3211e+08 -8.8536e+08 -5.9552e+07  3.3209e+08  8.8535e+08
  4.5654e+01  5.9819e+07 -3.3357e+08 -8.8924e+08 -5.9813e+07  3.3355e+08  8.8924e+08
  4.5754e+01  6.0081e+07 -3.3503e+08 -8.9314e+08 -6.0075e+07  3.3501e+08  8.9314e+08
  4.5854e+01  6.0344e+07 -3.3649e+08 -8.9704e+08 -6.0338e+07  3.3648e+08  8.9704e+08
  4.5954e+01  6.0607e+07 -3.3796e+08 -9.0096e+08 -6.0601e+07  3.3795e+08  9.0095e+08
  4.6054e+01  6.0871e+07 -3.3943e+08 -9.0488e+08 -6.0865e+07  3.3942e+08  9.0487e+08
  4.6154e+01  6.1135e+07 -3.4091e+08 -9.0881e+08 -6.1129e+07  3.4089e+08  9.0880e+08
  4.6254e+01  6.1400e+07 -3.4238e+08 -9.1275e+08 -6.1394e+07  3.4237e+08  9.1274e+08
  4.6354e+01  6.1666e+07 -3.4386e+08 -9.1669e+08 -6.1659e+07  3.4385e+08  9.1669e+08
  4.6454e+01  6.1932e+07 -3.4535e+08 -9.2065e+08 -6.1926e+07  3.4533e+08  9.2065e+08
  4.6553e+01  6.2199e+07 -3.4684e+08 -9.2461e+08 -6.2192e+07  3.4682e+08  9.2461e+08
  4.6653e+01  6.2466e+07 -3.4833e+08 -9.2858e+08 -6.2459e+07  3.4831e+08  9.2858e+08
  4.6753e+01  6.2734e+07 -3.4982e+08 -9.3257e+08 -6.2727e+07  3.4980e+08  9.3256e+08
  4.6853e+01  6.3002e+07 -3.5132e+08 -9.3656e+08 -6.2996e+07  3.5130e+08  9.3655e+08
  4.6953e+01  6.3271e+07 -3.5282e+08 -9.4055e+08 -6.3264e+07  3.5280e+08  9.4055e+08
  4.7053e+01  6.3541e+07 -3.5432e+08 -9.4456e+08 -6.3534e+07  3.5430e+08  9.4456e+08
  4.7153e+01  6.3811e+07 -3.5582e+08 -9.4858e+08 -6.3804e+07  3.5581e+08  9.4857e+08
  4.7253e+01  6.4081e+07 -3.5733e+08 -9.5260e+08 -6.4075e+07  3.5732e+08  9.5260e+08
  4.7353e+01  6.4353e+07 -3.5885e+08 -9.5663e+08 -6.4346e+07  3.5883e+08  9.5663e+08
  4.7453e+01  6.4624e+07 -3.6036e+08 -9.6067e+08 -6.4618e+07  3.6035e+08  9.6067e+08
  4.7552e+01  6.4897e+07 -3.6188e+08 -9.6472e+08 -6.4890e+07  3.6186e+08  9.6472e+08
  4.7652e+01  6.5170e+07 -3.6340e+08 -9.6878e+08 -6.5163e+07  3.6339e+08  9.6878e+08
  4.7752e+01  6.5443e+07 -3.6493e+08 -9.7284e+08 -6.5436e+07  3.6491e+08  9.7284e+08
  4.7852e+01  6.5717e+07 -3.6646e+08 -9.7692e+08 -6.5711e+07  3.6644e+08  9.7692e+08
  4.7952e+01  6.5992e+07 -3.6799e+08 -9.8100e+08 -6.5985e+07  3.6797e+08  9.8100e+08
  4.8052e+01  6.6267e+07 -3.6952e+08 -9.8509e+08 -6.6260e+07  3.6951e+08  9.8509e+08
  4.8152e+01  6.6543e+07 -3.7106e+08 -9.8920e+08 -6.6536e+07  3.7104e+08  9.8919e+08
  4.8252e+01  6.6820e+07 -3.7260e+08 -9.9330e+08 -6.6813e+07  3.7259e+08  9.9330e+08
  4.8352e+01  6.7096e+07 -3.7415e+08 -9.9742e+08 -6.7090e+07  3.7413e+08  9.9742e+08
  4.8452e+01  6.7374e+07 -3.7569e+08 -1.0015e+09 -6.7367e+07  3.7568e+08  1.0015e+09
  4.8551e+01  6.7652e+07 -3.7725e+08 -1.0057e+09 -6.7645e+07  3.7723e+08  1.0057e+09
  4.8651e+01  6.7931e+07 -3.7880e+08 -1.0098e+09 -6.7924e+07  3.7878e+08  1.0098e+09
  4.8751e+01  6.8210e+07 -3.8036e+08 -1.0140e+09 -6.8203e+07  3.8034e+08  1.0140e+09
  4.8851e+01  6.8490e+07 -3.8192e+08 -1.0181e+09 -6.8483e+07  3.8190e+08  1.0181e+09
  4.8951e+01  6.8770e+07 -3.8348e+08 -1.0223e+09 -6.8763e+07  3.8346e+08  1.0223e+09
  4.9051e+01  6.9051e+07 -3.8505e+08 -1.0265e+09 -6.9044e+07  3.8503e+08  1.0265e+09
  4.9151e+01  6.9333e+07 -3.8662e+08 -1.0307e+09 -6.9326e+07  3.8660e+08  1.0307e+09
  4.9251e+01  6.9615e+07 -3.8819e+08 -1.0349e+09 -6.9608e+07  3.8817e+08  1.0349e+09
  4.9351e+01  6.9898e+07 -3.8977e+08 -1.0391e+09 -6.9890e+07  3.8975e+08  1.0391e+09
  4.9451e+01  7.0181e+07 -3.9135e+08 -1.0433e+09 -7.0174e+07  3.9133e+08  1.0433e+09
  4.9550e+01  7.0465e+07 -3.9293e+08 -1.0475e+09 -7.0457e+07  3.9291e+08  1.0475e+09
  4.9650e+01  7.0749e+07 -3.9452e+08 -1.0517e+09 -7.0742e+07  3.9450e+08  1.0517e+09
  4.9750e+01  7.1034e+07 -3.9611e+08 -1.0560e+09 -7.1027e+07  3.9609e+08  1.0560e+09
  4.9850e+01  7.1320e+07 -3.9770e+08 -1.0602e+09 -7.1312e+07  3.9768e+08  1.0602e+09
  4.9950e+01  7.1606e+07 -3.9929e+08 -1.0645e+09 -7.1598e+07  3.9927e+08  1.0645e+09
  5.0050e+01  7.1893e+07 -4.0089e+08 -1.0687e+09 -7.1885e+07  4.0087e+08  1.0687e+09
  5.0150e+01  7.2180e+07 -4.0249e+08 -1.0730e+09 -7.2172e+07  4.0248e+08  1.0730e+09
  5.0250e+01  7.2468e+07 -4.0410e+08 -1.0773e+09 -7.2460e+07  4.0408e+08  1.0773e+09
  5.0350e+01  7.2756e+07 -4.0571e+08 -1.0816e+09 -7.2749e+07  4.0569e+08  1.0816e+09
  5.0450e+01  7.3045e+07 -4.0732e+08 -1.0859e+09 -7.3038e+07  4.0730e+08  1.0858e+09
  5.0549e+01  7.3335e+07 -4.0893e+08 -1.0902e+09 -7.3327e+07  4.0892e+08  1.0902e+09
  5.0649e+01  7.3625e+07 -4.1055e+08 -1.0945e+09 -7.3617e+07  4.1053e+08  1.0945e+09
  5.0749e+01  7.3916e+07 -4.1217e+08 -1.0988e+09 -7.3908e+07  4.1215e+08  1.0988e+09
  5.0849e+01  7.4207e+07 -4.1380e+08 -1.1031e+09 -7.4199e+07  4.1378e+08  1.1031e+09
  5.0949e+01  7.4499e+07 -4.1542e+08 -1.1075e+09 -7.4491e+07  4.1541e+08  1.1075e+09
  5.1049e+01  7.4791e+07 -4.1706e+08 -1.1118e+09 -7.4783e+07  4.1704e+08  1.1118e+09
  5.1149e+01  7.5084e+07 -4.1869e+08 -1.1162e+09 -7.5076e+07  4.1867e+08  1.1162e+09
  5.1249e+01  7.5378e+07 -4.2033e+08 -1.1205e+09 -7.5370e+07  4.2031e+08  1.1205e+09
  5.1349e+01  7.5672e+07 -4.2197e+08 -1.1249e+09 -7.5664e+07  4.2195e+08  1.1249e+09
  5.1449e+01  7.5967e+07 -4.2361e+08 -1.1293e+09 -7.5959e+07  4.2359e+08  1.1293e+09
  5.1548e+01  7.6262e+07 -4.2526e+08 -1.1337e+09 -7.6254e+07  4.2524e+08  1.1337e+09
  5.1648e+01  7.6558e+07 -4.2691e+08 -1.1381e+09 -7.6550e+07  4.2689e+08  1.1381e+09
  5.1748e+01  7.6854e+07 -4.2856e+08 -1.1425e+09 -7.6846e+07  4.2854e+08  1.1425e+09
  5.1848e+01  7.7151e+07 -4.3022e+08 -1.1469e+09 -7.7143e+07  4.3020e+08  1.1469e+09
  5.1948e+01  7.7449e+07 -4.3188e+08 -1.1513e+09 -7.7441e+07  4.3186e+08  1.1513e+09
  5.2048e+01  7.7747e+07 -4.3354e+08 -1.1557e+09 -7.7739e+07  4.3352e+08  1.1557e+09
  5.2148e+01  7.8046e+07 -4.3520e+08 -1.1602e+09 -7.8038e+07  4.3518e+08  1.1602e+09
  5.2248e+01  7.8345e+07 -4.3687e+08 -1.1646e+09 -7.8337e+07  4.3685e+08  1.1646e+09
  5.2348e+01  7.8645e+07 -4.3855e+08 -1.1691e+09 -7.8637e+07  4.3853e+08  1.1691e+09
  5.2448e+01  7.8946e+07 -4.4022e+08 -1.1736e+09 -7.8937e+07  4.4020e+08  1.1736e+09
  5.2547e+01  7.9247e+07 -4.4190e+08 -1.1780e+09 -7.9238e+07  4.4188e+08  1.1780e+09
  5.2647e+01  7.9548e+07 -4.4358e+08 -1.1825e+09 -7.9540e+07  4.4356e+08  1.1825e+09
  5.2747e+01  7.9850e+07 -4.4527e+08 -1.1870e+09 -7.9842e+07  4.4525e+08  1.1870e+09
  5.2847e+01  8.0153e+07 -4.4695e+08 -1.1915e+09 -8.0145e+07  4.4693e+08  1.1915e+09
  5.2947e+01  8.0456e+07 -4.4865e+08 -1.1960e+09 -8.0448e+07  4.4863e+08  1.1960e+09
  5.3047e+01  8.0760e+07 -4.5034e+08 -1.2005e+09 -8.0752e+07  4.5032e+08  1.2005e+09
  5.3147e+01  8.1065e+07 -4.5204e+08 -1.2051e+09 -8.1056e+07  4.5202e+08  1.2051e+09
  5.3247e+01  8.1370e+07 -4.5374e+08 -1.2096e+09 -8.1361e+07  4.5372e+08  1.2096e+09
  5.3347e+01  8.1675e+07 -4.5544e+08 -1.2141e+09 -8.1667e+07  4.5542e+08  1.2141e+09
  5.3447e+01  8.1982e+07 -4.5715e+08 -1.2187e+09 -8.1973e+07  4.5713e+08  1.2187e+09
  5.3546e+01  8.2288e+07 -4.5886e+08 -1.2233e+09 -8.2280e+07  4.5884e+08  1.2233e+09
  5.3646e+01  8.2596e+07 -4.6058e+08 -1.2278e+09 -8.2587e+07  4.6055e+08  1.2278e+09
  5.3746e+01  8.2904e+07 -4.6229e+08 -1.2324e+09 -8.2895e+07  4.6227e+08  1.2324e+09
  5.3846e+01  8.3212e+07 -4.6401e+08 -1.2370e+09 -8.3203e+07  4.6399e+08  1.2370e+09
  5.3946e+01  8.3521e+07 -4.6574e+08 -1.2416e+09 -8.3512e+07  4.6571e+08  1.2416e+09
  5.4046e+01  8.3831e+07 -4.6746e+08 -1.2462e+09 -8.3822e+07  4.6744e+08  1.2462e+09
  5.4146e+01  8.4141e+07 -4.6919e+08 -1.2508e+09 -8.4132e+07  4.6917e+08  1.2508e+09
  5.4246e+01  8.4452e+07 -4.7092e+08 -1.2554e+09 -8.4443e+07  4.7090e+08  1.2554e+09
  5.4346e+01  8.4763e+07 -4.7266e+08 -1.2600e+09 -8.4754e+07  4.7264e+08  1.2600e+09
  5.4446e+01  8.5075e+07 -4.7440e+08 -1.2647e+09 -8.5066e+07  4.7438e+08  1.2647e+09
  5.4545e+01  8.5387e+07 -4.7614e+08 -1.2693e+09 -8.5379e+07  4.7612e+08  1.2693e+09
  5.4645e+01  8.5701e+07 -4.7789e+08 -1.2740e+09 -8.5692e+07  4.7787e+08  1.2740e+09
  5.4745e+01  8.6014e+07 -4.7964e+08 -1.2786e+09 -8.6005e+07  4.7962e+08  1.2786e+09
  5.4845e+01  8.6328e+07 -4.8139e+08 -1.2833e+09 -8.6319e+07  4.8137e+08  1.2833e+09
  5.4945e+01  8.6643e+07 -4.8314e+08 -1.2880e+09 -8.6634e+07  4.8312e+08  1.2880e+09
  5.5045e+01  8.6959e+07 -4.8490e+08 -1.2927e+09 -8.6950e+07  4.8488e+08  1.2927e+09
  5.5145e+01  8.7274e+07 -4.8666e+08 -1.2974e+09 -8.7265e+07  4.8664e+08  1.2974e+09
  5.5245e+01  8.7591e+07 -4.8843e+08 -1.3021e+09 -8.7582e+07  4.8841e+08  1.3021e+09
  5.5345e+01  8.7908e+07 -4.9020e+08 -1.3068e+09 -8.7899e+07  4.9018e+08  1.3068e+09
  5.5445e+01  8.8226e+07 -4.9197e+08 -1.3115e+09 -8.8217e+07  4.9195e+08  1.3115e+09
  5.5544e+01  8.8544e+07 -4.9374e+08 -1.3162e+09 -8.8535e+07  4.9372e+08  1.3162e+09
  5.5644e+01  8.8863e+07 -4.9552e+08 -1.3210e+09 -8.8853e+07  4.9550e+08  1.3210e+09
  5.5744e+01  8.9182e+07 -4.9730e+08 -1.3257e+09 -8.9173e+07  4.9728e+08  1.3257e+09
  5.5844e+01  8.9502e+07 -4.9909e+08 -1.3305e+09 -8.9493e+07  4.9906e+08  1.3305e+09
  5.5944e+01  8.9822e+07 -5.0087e+08 -1.3353e+09 -8.9813e+07  5.0085e+08  1.3352e+09
  5.6044e+01  9.0144e+07 -5.0266e+08 -1.3400e+09 -9.0134e+07  5.0264e+08  1.3400e+09
  5.6144e+01  9.0465e+07 -5.0446e+08 -1.3448e+09 -9.0456e+07  5.0443e+08  1.3448e+09
  5.6244e+01  9.0787e+07 -5.0625e+08 -1.3496e+09 -9.0778e+07  5.0623e+08  1.3496e+09
  5.6344e+01  9.1110e+07 -5.0805e+08 -1.3544e+09 -9.1101e+07  5.0803e+08  1.3544e+09
  5.6444e+01  9.1434e+07 -5.0986e+08 -1.3592e+09 -9.1424e+07  5.0983e+08  1.3592e+09
  5.6543e+01  9.1758e+07 -5.1166e+08 -1.3640e+09 -9.1748e+07  5.1164e+08  1.3640e+09
  5.6643e+01  9.2082e+07 -5.1347e+08 -1.3688e+09 -9.2073e+07  5.1345e+08  1.3688e+09
  5.6743e+01  9.2407e+07 -5.1529e+08 -1.3737e+09 -9.2398e+07  5.1526e+08  1.3737e+09
  5.6843e+01  9.2733e+07 -5.1710e+08 -1.3785e+09 -9.2723e+07  5.1708e+08  1.3785e+09
  5.6943e+01  9.3059e+07 -5.1892e+08 -1.3834e+09 -9.3049e+07  5.1890e+08  1.3834e+09
  5.7043e+01  9.3386e+07 -5.2074e+08 -1.3882e+09 -9.3376e+07  5.2072e+08  1.3882e+09
  5.7143e+01  9.3713e+07 -5.2257e+08 -1.3931e+09 -9.3704e+07  5.2255e+08  1.3931e+09
  5.7243e+01  9.4041e+07 -5.2440e+08 -1.3980e+09 -9.4031e+07  5.2437e+08  1.3980e+09
  5.7343e+01  9.4370e+07 -5.2623e+08 -1.4029e+09 -9.4360e+07  5.2621e+08  1.4028e+09
  5.7443e+01  9.4699e+07 -5.2807e+08 -1.4077e+09 -9.4689e+07  5.2804e+08  1.4077e+09
  5.7542e+01  9.5028e+07 -5.2990e+08 -1.4126e+09 -9.5019e+07  5.2988e+08  1.4126e+09
  5.7642e+01  9.5359e+07 -5.3175e+08 -1.4176e+09 -9.5349e+07  5.3172e+08  1.4175e+09
  5.7742e+01  9.5690e+07 -5.3359e+08 -1.4225e+09 -9.5680e+07  5.3357e+08  1.4225e+09
  5.7842e+01  9.6021e+07 -5.3544e+08 -1.4274e+09 -9.6011e+07  5.3541e+08  1.4274e+09
  5.7942e+01  9.6353e+07 -5.3729e+08 -1.4323e+09 -9.6343e+07  5.3726e+08  1.4323e+09
  5.8042e+01  9.6685e+07 -5.3914e+08 -1.4373e+09 -9.6675e+07  5.3912e+08  1.4373e+09
  5.8142e+01  9.7019e+07 -5.4100e+08 -1.4422e+09 -9.7009e+07  5.4098e+08  1.4422e+09
  5.8242e+01  9.7352e+07 -5.4286e+08 -1.4472e+09 -9.7342e+07  5.4284e+08  1.4472e+09
  5.8342e+01  9.7686e+07 -5.4473e+08 -1.4522e+09 -9.7676e+07  5.4470e+08  1.4522e+09
  5.8442e+01  9.8021e+07 -5.4659e+08 -1.4571e+09 -9.8011e+07  5.4657e+08  1.4571e+09
  5.8541e+01  9.8357e+07 -5.4846e+08 -1.4621e+09 -9.8347e+07  5.4844e+08  1.4621e+09
  5.8641e+01  9.8693e+07 -5.5034e+08 -1.4671e+09 -9.8682e+07  5.5031e+08  1.4671e+09
  5.8741e+01  9.9029e+07 -5.5221e+08 -1.4721e+09 -9.9019e+07  5.5219e+08  1.4721e+09
  5.8841e+01  9.9366e+07 -5.5409e+08 -1.4771e+09 -9.9356e+07  5.5407e+08  1.4771e+09
  5.8941e+01  9.9704e+07 -5.5598e+08 -1.4821e+09 -9.9694e+07  5.5595e+08  1.4821e+09
  5.9041e+01  1.0004e+08 -5.5786e+08 -1.4872e+09 -1.0003e+08  5.5784e+08  1.4872e+09
  5.9141e+01  1.0038e+08 -5.5975e+08 -1.4922e+09 -1.0037e+08  5.5973e+08  1.4922e+09
  5.9241e+01  1.0072e+08 -5.6164e+08 -1.4973e+09 -1.0071e+08  5.6162e+08  1.4973e+09
  5.9341e+01  1.0106e+08 -5.6354e+08 -1.5023e+09 -1.0105e+08  5.6351e+08  1.5023e+09
  5.9441e+01  1.0140e+08 -5.6544e+08 -1.5074e+09 -1.0139e+08  5.6541e+08  1.5074e+09
  5.9540e+01  1.0174e+08 -5.6734e+08 -1.5124e+09 -1.0173e+08  5.6732e+08  1.5124e+09
  5.9640e+01  1.0208e+08 -5.6925e+08 -1.5175e+09 -1.0207e+08  5.6922e+08  1.5175e+09
  5.9740e+01  1.0243e+08 -5.7116e+08 -1.5226e+09 -1.0242e+08  5.7113e+08  1.5226e+09
  5.9840e+01  1.0277e+08 -5.7307e+08 -1.5277e+09 -1.0276e+08  5.7304e+08  1.5277e+09
  5.9940e+01  1.0311e+08 -5.7498e+08 -1.5328e+09 -1.0310e+08  5.7496e+08  1.5328e+09
  6.0040e+01  1.0346e+08 -5.7690e+08 -1.5379e+09 -1.0345e+08  5.7687e+08  1.5379e+09
  6.0140e+01  1.0380e+08 -5.7882e+08 -1.5431e+09 -1.0379e+08  5.7880e+08  1.5430e+09
  6.0240e+01  1.0415e+08 -5.8075e+08 -1.5482e+09 -1.0414e+08  5.8072e+08  1.5482e+09
  6.0340e+01  1.0449e+08 -5.8267e+08 -1.5533e+09 -1.0448e+08  5.8265e+08  1.5533e+09
  6.0440e+01  1.0484e+08 -5.8461e+08 -1.5585e+09 -1.0483e+08  5.8458e+08  1.5585e+09
  6.0539e+01  1.0519e+08 -5.8654e+08 -1.5636e+09 -1.0517e+08  5.8651e+08  1.5636e+09
  6.0639e+01  1.0553e+08 -5.8848e+08 -1.5688e+09 -1.0552e+08  5.8845e+08  1.5688e+09
  6.0739e+01  1.0588e+08 -5.9042e+08 -1.5740e+09 -1.0587e+08  5.9039e+08  1.5740e+09
  6.0839e+01  1.0623e+08 -5.9236e+08 -1.5791e+09 -1.0622e+08  5.9233e+08  1.5791e+09
  6.0939e+01  1.0658e+08 -5.9431e+08 -1.5843e+09 -1.0657e+08  5.9428e+08  1.5843e+09
  6.1039e+01  1.0693e+08 -5.9626e+08 -1.5895e+09 -1.0692e+08  5.9623e+08  1.5895e+09
  6.1139e+01  1.0728e+08 -5.9821e+08 -1.5947e+09 -1.0727e+08  5.9818e+08  1.5947e+09
  6.1239e+01  1.0763e+08 -6.0017e+08 -1.6000e+09 -1.0762e+08  6.0014e+08  1.6000e+09
  6.1339e+01  1.0798e+08 -6.0213e+08 -1.6052e+09 -1.0797e+08  6.0210e+08  1.6052e+09
  6.1439e+01  1.0833e+08 -6.0409e+08 -1.6104e+09 -1.0832e+08  6.0406e+08  1.6104e+09
  6.1538e+01  1.0869e+08 -6.0606e+08 -1.6157e+09 -1.0867e+08  6.0603e+08  1.6157e+09
  6.1638e+01  1.0904e+08 -6.0803e+08 -1.6209e+09 -1.0903e+08  6.0800e+08  1.6209e+09
  6.1738e+01  1.0939e+08 -6.1000e+08 -1.6262e+09 -1.0938e+08  6.0997e+08  1.6262e+09
  6.1838e+01  1.0975e+08 -6.1197e+08 -1.6314e+09 -1.0974e+08  6.1195e+08  1.6314e+09
  6.1938e+01  1.1010e+08 -6.1395e+08 -1.6367e+09 -1.1009e+08  6.1393e+08  1.6367e+09
  6.2038e+01  1.1046e+08 -6.1594e+08 -1.6420e+09 -1.1045e+08  6.1591e+08  1.6420e+09
  6.2138e+01  1.1081e+08 -6.1792e+08 -1.6473e+09 -1.1080e+08  6.1789e+08  1.6473e+09
  6.2238e+01  1.1117e+08 -6.1991e+08 -1.6526e+09 -1.1116e+08  6.1988e+08  1.6526e+09
  6.2338e+01  1.1153e+08 -6.2190e+08 -1.6579e+09 -1.1151e+08  6.2187e+08  1.6579e+09
  6.2438e+01  1.1188e+08 -6.2390e+08 -1.6632e+09 -1.1187e+08  6.2387e+08  1.6632e+09
  6.2537e+01  1.1224e+08 -6.2589e+08 -1.6685e+09 -1.1223e+08  6.2587e+08  1.6685e+09
  6.2637e+01  1.1260e+08 -6.2789e+08 -1.6739e+09 -1.1259e+08  6.2787e+08  1.6739e+09
  6.2737e+01  1.1296e+08 -6.2990e+08 -1.6792e+09 -1.1295e+08  6.2987e+08  1.6792e+09
  6.2837e+01  1.1332e+08 -6.3191e+08 -1.6846e+09 -1.1331e+08  6.3188e+08  1.6846e+09
  6.2937e+01  1.1368e+08 -6.3392e+08 -1.6899e+09 -1.1367e+08  6.3389e+08  1.6899e+09
  6.3037e+01  1.1404e+08 -6.3593e+08 -1.6953e+09 -1.1403e+08  6.3590e+08  1.6953e+09
  6.3137e+01  1.1440e+08 -6.3795e+08 -1.7007e+09 -1.1439e+08  6.3792e+08  1.7007e+09
  6.3237e+01  1.1477e+08 -6.3997e+08 -1.7061e+09 -1.1475e+08  6.3994e+08  1.7061e+09
  6.3337e+01  1.1513e+08 -6.4199e+08 -1.7115e+09 -1.1512e+08  6.4196e+08  1.7115e+09
  6.3437e+01  1.1549e+08 -6.4402e+08 -1.7169e+09 -1.1548e+08  6.4399e+08  1.7169e+09
  6.3536e+01  1.1586e+08 -6.4605e+08 -1.7223e+09 -1.1585e+08  6.4602e+08  1.7223e+09
  6.3636e+01  1.1622e+08 -6.4808e+08 -1.7277e+09 -1.1621e+08  6.4805e+08  1.7277e+09
  6.3736e+01  1.1659e+08 -6.5012e+08 -1.7331e+09 -1.1657e+08  6.5009e+08  1.7331e+09
  6.3836e+01  1.1695e+08 -6.5216e+08 -1.7386e+09 -1.1694e+08  6.5213e+08  1.7386e+09
  6.3936e+01  1.1732e+08 -6.5420e+08 -1.7440e+09 -1.1731e+08  6.5417e+08  1.7440e+09
  6.4036e+01  1.1769e+08 -6.5625e+08 -1.7495e+09 -1.1767e+08  6.5622e+08  1.7495e+09
  6.4136e+01  1.1805e+08 -6.5830e+08 -1.7549e+09 -1.1804e+08  6.5827e+08  1.7549e+09
  6.4236e+01  1.1842e+08 -6.6035e+08 -1.7604e+09 -1.1841e+08  6.6032e+08  1.7604e+09
  6.4336e+01  1.1879e+08 -6.6240e+08 -1.7659e+09 -1.1878e+08  6.6237e+08  1.7659e+09
  6.4436e+01  1.1916e+08 -6.6446e+08 -1.7714e+09 -1.1915e+08  6.6443e+08  1.7714e+09
  6.4535e+01  1.1953e+08 -6.6653e+08 -1.7769e+09 -1.1952e+08  6.6650e+08  1.7769e+09
  6.4635e+01  1.1990e+08 -6.6859e+08 -1.7824e+09 -1.1989e+08  6.6856e+08  1.7824e+09
  6.4735e+01  1.2027e+08 -6.7066e+08 -1.7879e+09 -1.2026e+08  6.7063e+08  1.7879e+09
  6.4835e+01  1.2064e+08 -6.7273e+08 -1.7934e+09 -1.2063e+08  6.7270e+08  1.7934e+09
  6.4935e+01  1.2101e+08 -6.7481e+08 -1.7989e+09 -1.2100e+08  6.7477e+08  1.7989e+09
  6.5035e+01  1.2139e+08 -6.7688e+08 -1.8045e+09 -1.2137e+08  6.7685e+08  1.8045e+09
  6.5135e+01  1.2176e+08 -6.7896e+08 -1.8100e+09 -1.2175e+08  6.7893e+08  1.8100e+09
  6.5235e+01  1.2213e+08 -6.8105e+08 -1.8156e+09 -1.2212e+08  6.8102e+08  1.8156e+09
  6.5335e+01  1.2251e+08 -6.8314e+08 -1.8211e+09 -1.2250e+08  6.8311e+08  1.8211e+09
  6.5435e+01  1.2288e+08 -6.8523e+08 -1.8267e+09 -1.2287e+08  6.8520e+08  1.8267e+09
  6.5534e+01  1.2326e+08 -6.8732e+08 -1.8323e+09 -1.2325e+08  6.8729e+08  1.8323e+09
  6.5634e+01  1.2363e+08 -6.8942e+08 -1.8379e+09 -1.2362e+08  6.8939e+08  1.8379e+09
  6.5734e+01  1.2401e+08 -6.9152e+08 -1.8435e+09 -1.2400e+08  6.9149e+08  1.8435e+09
  6.5834e+01  1.2439e+08 -6.9362e+08 -1.8491e+09 -1.2438e+08  6.9359e+08  1.8491e+09
  6.5934e+01  1.2477e+08 -6.9573e+08 -1.8547e+09 -1.2475e+08  6.9570e+08  1.8547e+09
  6.6034e+01  1.2514e+08 -6.9784e+08 -1.8603e+09 -1.2513e+08  6.9781e+08  1.8603e+09
  6.6134e+01  1.2552e+08 -6.9995e+08 -1.8660e+09 -1.2551e+08  6.9992e+08  1.8660e+09
  6.6234e+01  1.2590e+08 -7.0207e+08 -1.8716e+09 -1.2589e+08  7.0204e+08  1.8716e+09
  6.6334e+01  1.2628e+08 -7.0419e+08 -1.8773e+09 -1.2627e+08  7.0415e+08  1.8773e+09
  6.6434e+01  1.2666e+08 -7.0631e+08 -1.8829e+09 -1.2665e+08  7.0628e+08  1.8829e+09
  6.6533e+01  1.2704e+08 -7.0844e+08 -1.8886e+09 -1.2703e+08  7.0840e+08  1.8886e+09
  6.6633e+01  1.2743e+08 -7.1056e+08 -1.8943e+09 -1.2741e+08  7.1053e+08  1.8943e+09
  6.6733e+01  1.2781e+08 -7.1270e+08 -1.8999e+09 -1.2780e+08  7.1266e+08  1.8999e+09
  6.6833e+01  1.2819e+08 -7.1483e+08 -1.9056e+09 -1.2818e+08  7.1480e+08  1.9056e+09
  6.6933e+01  1.2858e+08 -7.1697e+08 -1.9113e+09 -1.2856e+08  7.1694e+08  1.9113e+09
  6.7033e+01  1.2896e+08 -7.1911e+08 -1.9170e+09 -1.2895e+08  7.1908e+08  1.9170e+09
  6.7133e+01  1.2934e+08 -7.2126e+08 -1.9228e+09 -1.2933e+08  7.2122e+08  1.9228e+09
  6.7233e+01  1.2973e+08 -7.2341e+08 -1.9285e+09 -1.2972e+08  7.2337e+08  1.9285e+09
  6.7333e+01  1.3012e+08 -7.2556e+08 -1.9342e+09 -1.3010e+08  7.2552e+08  1.9342e+09
  6.7433e+01  1.3050e+08 -7.2771e+08 -1.9400e+09 -1.3049e+08  7.2768e+08  1.9400e+09
  6.7532e+01  1.3089e+08 -7.2987e+08 -1.9457e+09 -1.3088e+08  7.2984e+08  1.9457e+09
  6.7632e+01  1.3128e+08 -7.3203e+08 -1.9515e+09 -1.3126e+08  7.3200e+08  1.9515e+09
  6.7732e+01  1.3166e+08 -7.3419e+08 -1.9573e+09 -1.3165e+08  7.3416e+08  1.9572e+09
  6.7832e+01  1.3205e+08 -7.3636e+08 -1.9630e+09 -1.3204e+08  7.3633e+08  1.9630e+09
  6.7932e+01  1.3244e+08 -7.3853e+08 -1.9688e+09 -1.3243e+08  7.3850e+08  1.9688e+09
  6.8032e+01  1.3283e+08 -7.4071e+08 -1.9746e+09 -1.3282e+08  7.4067e+08  1.9746e+09
  6.8132e+01  1.3322e+08 -7.4288e+08 -1.9804e+09 -1.3321e+08  7.4285e+08  1.9804e+09
  6.8232e+01  1.3361e+08 -7.4506e+08 -1.9862e+09 -1.3360e+08  7.4503e+08  1.9862e+09
  6.8332e+01  1.3400e+08 -7.4725e+08 -1.9920e+09 -1.3399e+08  7.4721e+08  1.9920e+09
  6.8432e+01  1.3440e+08 -7.4943e+08 -1.9979e+09 -1.3438e+08  7.4940e+08  1.9979e+09
  6.8531e+01  1.3479e+08 -7.5162e+08 -2.0037e+09 -1.3478e+08  7.5159e+08  2.0037e+09
  6.8631e+01  1.3518e+08 -7.5382e+08 -2.0096e+09 -1.3517e+08  7.5378e+08  2.0096e+09
  6.8731e+01  1.3558e+08 -7.5601e+08 -2.0154e+09 -1.3556e+08  7.5598e+08  2.0154e+09
  6.8831e+01  1.3597e+08 -7.5821e+08 -2.0213e+09 -1.3596e+08  7.5818e+08  2.0213e+09
  6.8931e+01  1.3637e+08 -7.6041e+08 -2.0272e+09 -1.3635e+08  7.6038e+08  2.0271e+09
  6.9031e+01  1.3676e+08 -7.6262e+08 -2.0330e+09 -1.3675e+08  7.6258e+08  2.0330e+09
  6.9131e+01  1.3716e+08 -7.6483e+08 -2.0389e+09 -1.3714e+08  7.6479e+08  2.0389e+09
  6.9231e+01  1.3755e+08 -7.6704e+08 -2.0448e+09 -1.3754e+08  7.6701e+08  2.0448e+09
  6.9331e+01  1.3795e+08 -7.6926e+08 -2.0507e+09 -1.3794e+08  7.6922e+08  2.0507e+09
  6.9431e+01  1.3835e+08 -7.7147e+08 -2.0566e+09 -1.3834e+08  7.7144e+08  2.0566e+09
  6.9530e+01  1.3875e+08 -7.7370e+08 -2.0626e+09 -1.3873e+08  7.7366e+08  2.0626e+09
  6.9630e+01  1.3915e+08 -7.7592e+08 -2.0685e+09 -1.3913e+08  7.7589e+08  2.0685e+09
  6.9730e+01  1.3955e+08 -7.7815e+08 -2.0744e+09 -1.3953e+08  7.7811e+08  2.0744e+09
  6.9830e+01  1.3995e+08 -7.8038e+08 -2.0804e+09 -1.3993e+08  7.8034e+08  2.0804e+09
  6.9930e+01  1.4035e+08 -7.8261e+08 -2.0863e+09 -1.4033e+08  7.8258e+08  2.0863e+09
  7.0030e+01  1.4075e+08 -7.8485e+08 -2.0923e+09 -1.4073e+08  7.8482e+08  2.0923e+09
  7.0130e+01  1.4115e+08 -7.8709e+08 -2.0983e+09 -1.4114e+08  7.8706e+08  2.0983e+09
  7.0230e+01  1.4155e+08 -7.8934e+08 -2.1043e+09 -1.4154e+08  7.8930e+08  2.1042e+09
  7.0330e+01  1.4196e+08 -7.9158e+08 -2.1102e+09 -1.4194e+08  7.9155e+08  2.1102e+09
  7.0430e+01  1.4236e+08 -7.9383e+08 -2.1162e+09 -1.4234e+08  7.9380e+08  2.1162e+09
  7.0529e+01  1.4276e+08 -7.9609e+08 -2.1223e+09 -1.4275e+08  7.9605e+08  2.1222e+09
  7.0629e+01  1.4317e+08 -7.9835e+08 -2.1283e+09 -1.4315e+08  7.9831e+08  2.1283e+09
  7.0729e+01  1.4357e+08 -8.0061e+08 -2.1343e+09 -1.4356e+08  8.0057e+08  2.1343e+09
  7.0829e+01  1.4398e+08 -8.0287e+08 -2.1403e+09 -1.4396e+08  8.0283e+08  2.1403e+09
  7.0929e+01  1.4439e+08 -8.0513e+08 -2.1464e+09 -1.4437e+08  8.0510e+08  2.1464e+09
  7.1029e+01  1.4479e+08 -8.0740e+08 -2.1524e+09 -1.4478e+08  8.0737e+08  2.1524e+09
  7.1129e+01  1.4520e+08 -8.0968e+08 -2.1585e+09 -1.4519e+08  8.0964e+08  2.1585e+09
  7.1229e+01  1.4561e+08 -8.1195e+08 -2.1645e+09 -1.4559e+08  8.1192e+08  2.1645e+09
  7.1329e+01  1.4602e+08 -8.1423e+08 -2.1706e+09 -1.4600e+08  8.1420e+08  2.1706e+09
  7.1429e+01  1.4643e+08 -8.1651e+08 -2.1767e+09 -1.4641e+08  8.1648e+08  2.1767e+09
  7.1528e+01  1.4684e+08 -8.1880e+08 -2.1828e+09 -1.4682e+08  8.1876e+08  2.1828e+09
  7.1628e+01  1.4725e+08 -8.2109e+08 -2.1889e+09 -1.4723e+08  8.2105e+08  2.1889e+09
  7.1728e+01  1.4766e+08 -8.2338e+08 -2.1950e+09 -1.4764e+08  8.2334e+08  2.1950e+09
  7.1828e+01  1.4807e+08 -8.2568e+08 -2.2011e+09 -1.4805e+08  8.2564e+08  2.2011e+09
  7.1928e+01  1.4848e+08 -8.2797e+08 -2.2073e+09 -1.4847e+08  8.2794e+08  2.2072e+09
  7.2028e+01  1.4889e+08 -8.3028e+08 -2.2134e+09 -1.4888e+08  8.3024e+08  2.2134e+09
  7.2128e+01  1.4931e+08 -8.3258e+08 -2.2195e+09 -1.4929e+08  8.3254e+08  2.2195e+09
  7.2228e+01  1.4972e+08 -8.3489e+08 -2.2257e+09 -1.4971e+08  8.3485e+08  2.2257e+09
  7.2328e+01  1.5014e+08 -8.3720e+08 -2.2318e+09 -1.5012e+08  8.3716e+08  2.2318e+09
  7.2428e+01  1.5055e+08 -8.3951e+08 -2.2380e+09 -1.5054e+08  8.3948e+08  2.2380e+09
  7.2527e+01  1.5097e+08 -8.4183e+08 -2.2442e+09 -1.5095e+08  8.4179e+08  2.2442e+09
  7.2627e+01  1.5138e+08 -8.4415e+08 -2.2504e+09 -1.5137e+08  8.4411e+08  2.2504e+09
  7.2727e+01  1.5180e+08 -8.4648e+08 -2.2566e+09 -1.5178e+08  8.4644e+08  2.2566e+09
  7.2827e+01  1.5222e+08 -8.4880e+08 -2.2628e+09 -1.5220e+08  8.4876e+08  2.2628e+09
  7.2927e+01  1.5264e+08 -8.5113e+08 -2.2690e+09 -1.5262e+08  8.5109e+08  2.2690e+09
  7.3027e+01  1.5305e+08 -8.5347e+08 -2.2752e+09 -1.5304e+08  8.5343e+08  2.2752e+09
  7.3127e+01  1.5347e+08 -8.5580e+08 -2.2814e+09 -1.5346e+08  8.5576e+08  2.2814e+09
  7.3227e+01  1.5389e+08 -8.5814e+08 -2.2877e+09 -1.5388e+08  8.5810e+08  2.2877e+09
  7.3327e+01  1.5431e+08 -8.6049e+08 -2.2939e+09 -1.5430e+08  8.6045e+08  2.2939e+09
  7.3427e+01  1.5473e+08 -8.6283e+08 -2.3002e+09 -1.5472e+08  8.6279e+08  2.3002e+09
  7.3526e+01  1.5515e+08 -8.6518e+08 -2.3064e+09 -1.5514e+08  8.6514e+08  2.3064e+09
  7.3626e+01  1.5558e+08 -8.6753e+08 -2.3127e+09 -1.5556e+08  8.6750e+08  2.3127e+09
  7.3726e+01  1.5600e+08 -8.6989e+08 -2.3190e+09 -1.5598e+08  8.6985e+08  2.3190e+09
  7.3826e+01  1.5642e+08 -8.7225e+08 -2.3253e+09 -1.5641e+08  8.7221e+08  2.3253e+09
  7.3926e+01  1.5685e+08 -8.7461e+08 -2.3316e+09 -1.5683e+08  8.7457e+08  2.3316e+09
  7.4026e+01  1.5727e+08 -8.7698e+08 -2.3379e+09 -1.5725e+08  8.7694e+08  2.3379e+09
  7.4126e+01  1.5769e+08 -8.7935e+08 -2.3442e+09 -1.5768e+08  8.7931e+08  2.3442e+09
  7.4226e+01  1.5812e+08 -8.8172e+08 -2.3505e+09 -1.5810e+08  8.8168e+08  2.3505e+09
  7.4326e+01  1.5855e+08 -8.8409e+08 -2.3569e+09 -1.5853e+08  8.8405e+08  2.3569e+09
  7.4426e+01  1.5897e+08 -8.8647e+08 -2.3632e+09 -1.5896e+08  8.8643e+08  2.3632e+09
  7.4525e+01  1.5940e+08 -8.8885e+08 -2.3695e+09 -1.5938e+08  8.8881e+08  2.3695e+09
  7.4625e+01  1.5983e+08 -8.9124e+08 -2.3759e+09 -1.5981e+08  8.9120e+08  2.3759e+09
  7.4725e+01  1.6026e+08 -8.9362e+08 -2.3823e+09 -1.6024e+08  8.9358e+08  2.3823e+09
  7.4825e+01  1.6068e+08 -8.9602e+08 -2.3886e+09 -1.6067e+08  8.9597e+08  2.3886e+09
  7.4925e+01  1.6111e+08 -8.9841e+08 -2.3950e+09 -1.6110e+08  8.9837e+08  2.3950e+09
  7.5025e+01  1.6154e+08 -9.0081e+08 -2.4014e+09 -1.6153e+08  9.0077e+08  2.4014e+09
  7.5125e+01  1.6197e+08 -9.0321e+08 -2.4078e+09 -1.6196e+08  9.0317e+08  2.4078e+09
  7.5225e+01  1.6240e+08 -9.0561e+08 -2.4142e+09 -1.6239e+08  9.0557e+08  2.4142e+09
  7.5325e+01  1.6284e+08 -9.0802e+08 -2.4206e+09 -1.6282e+08  9.0798e+08  2.4206e+09
  7.5425e+01  1.6327e+08 -9.1043e+08 -2.4271e+09 -1.6325e+08  9.1039e+08  2.4271e+09
  7.5524e+01  1.6370e+08 -9.1284e+08 -2.4335e+09 -1.6368e+08  9.1280e+08  2.4335e+09
  7.5624e+01  1.6413e+08 -9.1526e+08 -2.4399e+09 -1.6412e+08  9.1522e+08  2.4399e+09
  7.5724e+01  1.6457e+08 -9.1768e+08 -2.4464e+09 -1.6455e+08  9.1764e+08  2.4464e+09
  7.5824e+01  1.6500e+08 -9.2010e+08 -2.4529e+09 -1.6499e+08  9.2006e+08  2.4528e+09
  7.5924e+01  1.6544e+08 -9.2253e+08 -2.4593e+09 -1.6542e+08  9.2248e+08  2.4593e+09
  7.6024e+01  1.6587e+08 -9.2496e+08 -2.4658e+09 -1.6586e+08  9.2491e+08  2.4658e+09
  7.6124e+01  1.6631e+08 -9.2739e+08 -2.4723e+09 -1.6629e+08  9.2735e+08  2.4723e+09
  7.6224e+01  1.6675e+08 -9.2982e+08 -2.4788e+09 -1.6673e+08  9.2978e+08  2.4788e+09
  7.6324e+01  1.6718e+08 -9.3226e+08 -2.4853e+09 -1.6717e+08  9.3222e+08  2.4853e+09
  7.6424e+01  1.6762e+08 -9.3471e+08 -2.4918e+09 -1.6760e+08  9.3466e+08  2.4918e+09
  7.6523e+01  1.6806e+08 -9.3715e+08 -2.4983e+09 -1.6804e+08  9.3711e+08  2.4983e+09
  7.6623e+01  1.6850e+08 -9.3960e+08 -2.5048e+09 -1.6848e+08  9.3956e+08  2.5048e+09
  7.6723e+01  1.6894e+08 -9.4205e+08 -2.5114e+09 -1.6892e+08  9.4201e+08  2.5114e+09
  7.6823e+01  1.6938e+08 -9.4451e+08 -2.5179e+09 -1.6936e+08  9.4446e+08  2.5179e+09
  7.6923e+01  1.6982e+08 -9.4696e+08 -2.5245e+09 -1.6980e+08  9.4692e+08  2.5245e+09
  7.7023e+01  1.7026e+08 -9.4942e+08 -2.5310e+09 -1.7024e+08  9.4938e+08  2.5310e+09
  7.7123e+01  1.7070e+08 -9.5189e+08 -2.5376e+09 -1.7069e+08  9.5185e+08  2.5376e+09
  7.7223e+01  1.7115e+08 -9.5436e+08 -2.5442e+09 -1.7113e+08  9.5431e+08  2.5442e+09
  7.7323e+01  1.7159e+08 -9.5683e+08 -2.5508e+09 -1.7157e+08  9.5678e+08  2.5508e+09
  7.7423e+01  1.7203e+08 -9.5930e+08 -2.5574e+09 -1.7202e+08  9.5926e+08  2.5573e+09
  7.7522e+01  1.7248e+08 -9.6178e+08 -2.5640e+09 -1.7246e+08  9.6174e+08  2.5640e+09
  7.7622e+01  1.7292e+08 -9.6426e+08 -2.5706e+09 -1.7290e+08  9.6422e+08  2.5706e+09
  7.7722e+01  1.7337e+08 -9.6674e+08 -2.5772e+09 -1.7335e+08  9.6670e+08  2.5772e+09
  7.7822e+01  1.7381e+08 -9.6923e+08 -2.5838e+09 -1.7380e+08  9.6919e+08  2.5838e+09
  7.7922e+01  1.7426e+08 -9.7172e+08 -2.5905e+09 -1.7424e+08  9.7168e+08  2.5905e+09
  7.8022e+01  1.7471e+08 -9.7421e+08 -2.5971e+09 -1.7469e+08  9.7417e+08  2.5971e+09
  7.8122e+01  1.7515e+08 -9.7671e+08 -2.6038e+09 -1.7514e+08  9.7666e+08  2.6038e+09
  7.8222e+01  1.7560e+08 -9.7921e+08 -2.6104e+09 -1.7559e+08  9.7916e+08  2.6104e+09
  7.8322e+01  1.7605e+08 -9.8171e+08 -2.6171e+09 -1.7603e+08  9.8167e+08  2.6171e+09
  7.8422e+01  1.7650e+08 -9.8422e+08 -2.6238e+09 -1.7648e+08  9.8417e+08  2.6238e+09
  7.8521e+01  1.7695e+08 -9.8673e+08 -2.6305e+09 -1.7693e+08  9.8668e+08  2.6305e+09
  7.8621e+01  1.7740e+08 -9.8924e+08 -2.6372e+09 -1.7738e+08  9.8919e+08  2.6372e+09
  7.8721e+01  1.7785e+08 -9.9175e+08 -2.6439e+09 -1.7783e+08  9.9171e+08  2.6439e+09
  7.8821e+01  1.7830e+08 -9.9427e+08 -2.6506e+09 -1.7829e+08  9.9423e+08  2.6506e+09
  7.8921e+01  1.7876e+08 -9.9680e+08 -2.6573e+09 -1.7874e+08  9.9675e+08  2.6573e+09
  7.9021e+01  1.7921e+08 -9.9932e+08 -2.6640e+09 -1.7919e+08  9.9928e+08  2.6640e+09
  7.9121e+01  1.7966e+08 -1.0018e+09 -2.6708e+09 -1.7964e+08  1.0018e+09  2.6708e+09
  7.9221e+01  1.8012e+08 -1.0044e+09 -2.6775e+09 -1.8010e+08  1.0043e+09  2.6775e+09
  7.9321e+01  1.8057e+08 -1.0069e+09 -2.6843e+09 -1.8055e+08  1.0069e+09  2.6843e+09
  7.9421e+01  1.8103e+08 -1.0095e+09 -2.6911e+09 -1.8101e+08  1.0094e+09  2.6910e+09
  7.9520e+01  1.8148e+08 -1.0120e+09 -2.6978e+09 -1.8146e+08  1.0119e+09  2.6978e+09
  7.9620e+01  1.8194e+08 -1.0145e+09 -2.7046e+09 -1.8192e+08  1.0145e+09  2.7046e+09
  7.9720e+01  1.8240e+08 -1.0171e+09 -2.7114e+09 -1.8238e+08  1.0170e+09  2.7114e+09
  7.9820e+01  1.8285e+08 -1.0196e+09 -2.7182e+09 -1.8283e+08  1.0196e+09  2.7182e+09
  7.9920e+01  1.8331e+08 -1.0222e+09 -2.7250e+09 -1.8329e+08  1.0221e+09  2.7250e+09
  8.0020e+01  1.8377e+08 -1.0247e+09 -2.7318e+09 -1.8375e+08  1.0247e+09  2.7318e+09
  8.0120e+01  1.8423e+08 -1.0273e+09 -2.7387e+09 -1.8421e+08  1.0273e+09  2.7386e+09
  8.0220e+01  1.8469e+08 -1.0299e+09 -2.7455e+09 -1.8467e+08  1.0298e+09  2.7455e+09
  8.0320e+01  1.8515e+08 -1.0324e+09 -2.7523e+09 -1.8513e+08  1.0324e+09  2.7523e+09
  8.0420e+01  1.8561e+08 -1.0350e+09 -2.7592e+09 -1.8559e+08  1.0350e+09  2.7592e+09
  8.0519e+01  1.8607e+08 -1.0376e+09 -2.7660e+09 -1.8605e+08  1.0375e+09  2.7660e+09
  8.0619e+01  1.8653e+08 -1.0402e+09 -2.7729e+09 -1.8651e+08  1.0401e+09  2.7729e+09
  8.0719e+01  1.8700e+08 -1.0427e+09 -2.7798e+09 -1.8698e+08  1.0427e+09  2.7798e+09
  8.0819e+01  1.8746e+08 -1.0453e+09 -2.7867e+09 -1.8744e+08  1.0453e+09  2.7867e+09
  8.0919e+01  1.8792e+08 -1.0479e+09 -2.7936e+09 -1.8790e+08  1.0479e+09  2.7936e+09
  8.1019e+01  1.8839e+08 -1.0505e+09 -2.8005e+09 -1.8837e+08  1.0504e+09  2.8005e+09
  8.1119e+01  1.8885e+08 -1.0531e+09 -2.8074e+09 -1.8883e+08  1.0530e+09  2.8074e+09
  8.1219e+01  1.8932e+08 -1.0557e+09 -2.8143e+09 -1.8930e+08  1.0556e+09  2.8143e+09
  8.1319e+01  1.8978e+08 -1.0583e+09 -2.8212e+09 -1.8976e+08  1.0582e+09  2.8212e+09
  8.1419e+01  1.9025e+08 -1.0609e+09 -2.8282e+09 -1.9023e+08  1.0608e+09  2.8281e+09
  8.1518e+01  1.9072e+08 -1.0635e+09 -2.8351e+09 -1.9070e+08  1.0634e+09  2.8351e+09
  8.1618e+01  1.9118e+08 -1.0661e+09 -2.8421e+09 -1.9116e+08  1.0660e+09  2.8420e+09
  8.1718e+01  1.9165e+08 -1.0687e+09 -2.8490e+09 -1.9163e+08  1.0687e+09  2.8490e+09
  8.1818e+01  1.9212e+08 -1.0713e+09 -2.8560e+09 -1.9210e+08  1.0713e+09  2.8560e+09
  8.1918e+01  1.9259e+08 -1.0739e+09 -2.8630e+09 -1.9257e+08  1.0739e+09  2.8630e+09
  8.2018e+01  1.9306e+08 -1.0766e+09 -2.8699e+09 -1.9304e+08  1.0765e+09  2.8699e+09
  8.2118e+01  1.9353e+08 -1.0792e+09 -2.8769e+09 -1.9351e+08  1.0791e+09  2.8769e+09
  8.2218e+01  1.9400e+08 -1.0818e+09 -2.8839e+09 -1.9398e+08  1.0818e+09  2.8839e+09
  8.2318e+01  1.9447e+08 -1.0844e+09 -2.8910e+09 -1.9445e+08  1.0844e+09  2.8910e+09
  8.2418e+01  1.9495e+08 -1.0871e+09 -2.8980e+09 -1.9493e+08  1.0870e+09  2.8980e+09
  8.2517e+01  1.9542e+08 -1.0897e+09 -2.9050e+09 -1.9540e+08  1.0897e+09  2.9050e+09
  8.2617e+01  1.9589e+08 -1.0924e+09 -2.9121e+09 -1.9587e+08  1.0923e+09  2.9120e+09
  8.2717e+01  1.9637e+08 -1.0950e+09 -2.9191e+09 -1.9635e+08  1.0949e+09  2.9191e+09
  8.2817e+01  1.9684e+08 -1.0976e+09 -2.9262e+09 -1.9682e+08  1.0976e+09  2.9261e+09
  8.2917e+01  1.9732e+08 -1.1003e+09 -2.9332e+09 -1.9730e+08  1.1002e+09  2.9332e+09
  8.3017e+01  1.9779e+08 -1.1029e+09 -2.9403e+09 -1.9777e+08  1.1029e+09  2.9403e+09
  8.3117e+01  1.9827e+08 -1.1056e+09 -2.9474e+09 -1.9825e+08  1.1056e+09  2.9474e+09
  8.3217e+01  1.9875e+08 -1.1083e+09 -2.9545e+09 -1.9873e+08  1.1082e+09  2.9544e+09
  8.3317e+01  1.9922e+08 -1.1109e+09 -2.9616e+09 -1.9920e+08  1.1109e+09  2.9615e+09
  8.3417e+01  1.9970e+08 -1.1136e+09 -2.9687e+09 -1.9968e+08  1.1135e+09  2.9687e+09
  8.3516e+01  2.0018e+08 -1.1163e+09 -2.9758e+09 -2.0016e+08  1.1162e+09  2.9758e+09
  8.3616e+01  2.0066e+08 -1.1189e+09 -2.9829e+09 -2.0064e+08  1.1189e+09  2.9829e+09
  8.3716e+01  2.0114e+08 -1.1216e+09 -2.9900e+09 -2.0112e+08  1.1216e+09  2.9900e+09
  8.3816e+01  2.0162e+08 -1.1243e+09 -2.9972e+09 -2.0160e+08  1.1242e+09  2.9972e+09
  8.3916e+01  2.0210e+08 -1.1270e+09 -3.0043e+09 -2.0208e+08  1.1269e+09  3.0043e+09
  8.4016e+01  2.0258e+08 -1.1296e+09 -3.0115e+09 -2.0256e+08  1.1296e+09  3.0115e+09
  8.4116e+01  2.0306e+08 -1.1323e+09 -3.0186e+09 -2.0304e+08  1.1323e+09  3.0186e+09
  8.4216e+01  2.0355e+08 -1.1350e+09 -3.0258e+09 -2.0353e+08  1.1350e+09  3.0258e+09
  8.4316e+01  2.0403e+08 -1.1377e+09 -3.0330e+09 -2.0401e+08  1.1377e+09  3.0330e+09
  8.4416e+01  2.0451e+08 -1.1404e+09 -3.0402e+09 -2.0449e+08  1.1404e+09  3.0402e+09
  8.4515e+01  2.0500e+08 -1.1431e+09 -3.0474e+09 -2.0498e+08  1.1431e+09  3.0474e+09
  8.4615e+01  2.0548e+08 -1.1458e+09 -3.0546e+09 -2.0546e+08  1.1458e+09  3.0546e+09
  8.4715e+01  2.0597e+08 -1.1485e+09 -3.0618e+09 -2.0595e+08  1.1485e+09  3.0618e+09
  8.4815e+01  2.0645e+08 -1.1512e+09 -3.0690e+09 -2.0643e+08  1.1512e+09  3.0690e+09
  8.4915e+01  2.0694e+08 -1.1540e+09 -3.0763e+09 -2.0692e+08  1.1539e+09  3.0763e+09
  8.5015e+01  2.0743e+08 -1.1567e+09 -3.0835e+09 -2.0741e+08  1.1566e+09  3.0835e+09
  8.5115e+01  2.0792e+08 -1.1594e+09 -3.0908e+09 -2.0789e+08  1.1593e+09  3.0908e+09
  8.5215e+01  2.0840e+08 -1.1621e+09 -3.0980e+09 -2.0838e+08  1.1621e+09  3.0980e+09
  8.5315e+01  2.0889e+08 -1.1648e+09 -3.1053e+09 -2.0887e+08  1.1648e+09  3.1053e+09
  8.5415e+01  2.0938e+08 -1.1676e+09 -3.1126e+09 -2.0936e+08  1.1675e+09  3.1126e+09
  8.5514e+01  2.0987e+08 -1.1703e+09 -3.1199e+09 -2.0985e+08  1.1703e+09  3.1199e+09
  8.5614e+01  2.1036e+08 -1.1730e+09 -3.1272e+09 -2.1034e+08  1.1730e+09  3.1271e+09
  8.5714e+01  2.1085e+08 -1.1758e+09 -3.1345e+09 -2.1083e+08  1.1757e+09  3.1344e+09
  8.5814e+01  2.1135e+08 -1.1785e+09 -3.1418e+09 -2.1132e+08  1.1785e+09  3.1418e+09
  8.5914e+01  2.1184e+08 -1.1813e+09 -3.1491e+09 -2.1182e+08  1.1812e+09  3.1491e+09
  8.6014e+01  2.1233e+08 -1.1840e+09 -3.1564e+09 -2.1231e+08  1.1840e+09  3.1564e+09
  8.6114e+01  2.1283e+08 -1.1868e+09 -3.1638e+09 -2.1280e+08  1.1867e+09  3.1637e+09
  8.6214e+01  2.1332e+08 -1.1895e+09 -3.1711e+09 -2.1330e+08  1.1895e+09  3.1711e+09
  8.6314e+01  2.1381e+08 -1.1923e+09 -3.1784e+09 -2.1379e+08  1.1922e+09  3.1784e+09
  8.6414e+01  2.1431e+08 -1.1950e+09 -3.1858e+09 -2.1429e+08  1.1950e+09  3.1858e+09
  8.6513e+01  2.1481e+08 -1.1978e+09 -3.1932e+09 -2.1478e+08  1.1978e+09  3.1932e+09
  8.6613e+01  2.1530e+08 -1.2006e+09 -3.2006e+09 -2.1528e+08  1.2005e+09  3.2006e+09
  8.6713e+01  2.1580e+08 -1.2033e+09 -3.2079e+09 -2.1578e+08  1.2033e+09  3.2079e+09
  8.6813e+01  2.1630e+08 -1.2061e+09 -3.2153e+09 -2.1627e+08  1.2061e+09  3.2153e+09
  8.6913e+01  2.1679e+08 -1.2089e+09 -3.2227e+09 -2.1677e+08  1.2088e+09  3.2227e+09
  8.7013e+01  2.1729e+08 -1.2117e+09 -3.2302e+09 -2.1727e+08  1.2116e+09  3.2302e+09
  8.7113e+01  2.1779e+08 -1.2145e+09 -3.2376e+09 -2.1777e+08  1.2144e+09  3.2376e+09
  8.7213e+01  2.1829e+08 -1.2173e+09 -3.2450e+09 -2.1827e+08  1.2172e+09  3.2450e+09
  8.7313e+01  2.1879e+08 -1.2200e+09 -3.2525e+09 -2.1877e+08  1.2200e+09  3.2524e+09
  8.7413e+01  2.1929e+08 -1.2228e+09 -3.2599e+09 -2.1927e+08  1.2228e+09  3.2599e+09
  8.7512e+01  2.1979e+08 -1.2256e+09 -3.2674e+09 -2.1977e+08  1.2256e+09  3.2673e+09
  8.7612e+01  2.2030e+08 -1.2284e+09 -3.2748e+09 -2.2027e+08  1.2284e+09  3.2748e+09
  8.7712e+01  2.2080e+08 -1.2312e+09 -3.2823e+09 -2.2078e+08  1.2312e+09  3.2823e+09
  8.7812e+01  2.2130e+08 -1.2340e+09 -3.2898e+09 -2.2128e+08  1.2340e+09  3.2898e+09
  8.7912e+01  2.2181e+08 -1.2369e+09 -3.2973e+09 -2.2178e+08  1.2368e+09  3.2972e+09
  8.8012e+01  2.2231e+08 -1.2397e+09 -3.3048e+09 -2.2229e+08  1.2396e+09  3.3047e+09
  8.8112e+01  2.2282e+08 -1.2425e+09 -3.3123e+09 -2.2279e+08  1.2424e+09  3.3123e+09
  8.8212e+01  2.2332e+08 -1.2453e+09 -3.3198e+09 -2.2330e+08  1.2452e+09  3.3198e+09
  8.8312e+01  2.2383e+08 -1.2481e+09 -3.3273e+09 -2.2380e+08  1.2481e+09  3.3273e+09
  8.8412e+01  2.2433e+08 -1.2509e+09 -3.3348e+09 -2.2431e+08  1.2509e+09  3.3348e+09
  8.8511e+01  2.2484e+08 -1.2538e+09 -3.3424e+09 -2.2482e+08  1.2537e+09  3.3424e+09
  8.8611e+01  2.2535e+08 -1.2566e+09 -3.3499e+09 -2.2533e+08  1.2565e+09  3.3499e+09
  8.8711e+01  2.2586e+08 -1.2594e+09 -3.3575e+09 -2.2583e+08  1.2594e+09  3.3575e+09
  8.8811e+01  2.2637e+08 -1.2623e+09 -3.3650e+09 -2.2634e+08  1.2622e+09  3.3650e+09
  8.8911e+01  2.2688e+08 -1.2651e+09 -3.3726e+09 -2.2685e+08  1.2651e+09  3.3726e+09
  8.9011e+01  2.2739e+08 -1.2680e+09 -3.3802e+09 -2.2736e+08  1.2679e+09  3.3802e+09
  8.9111e+01  2.2790e+08 -1.2708e+09 -3.3878e+09 -2.2787e+08  1.2708e+09  3.3878e+09
  8.9211e+01  2.2841e+08 -1.2737e+09 -3.3954e+09 -2.2838e+08  1.2736e+09  3.3954e+09
  8.9311e+01  2.2892e+08 -1.2765e+09 -3.4030e+09 -2.2890e+08  1.2765e+09  3.4030e+09
  8.9411e+01  2.2943e+08 -1.2794e+09 -3.4106e+09 -2.2941e+08  1.2793e+09  3.4106e+09
  8.9510e+01  2.2995e+08 -1.2822e+09 -3.4183e+09 -2.2992e+08  1.2822e+09  3.4182e+09
  8.9610e+01  2.3046e+08 -1.2851e+09 -3.4259e+09 -2.3044e+08  1.2850e+09  3.4259e+09
  8.9710e+01  2.3097e+08 -1.2880e+09 -3.4335e+09 -2.3095e+08  1.2879e+09  3.4335e+09
  8.9810e+01  2.3149e+08 -1.2908e+09 -3.4412e+09 -2.3146e+08  1.2908e+09  3.4412e+09
  8.9910e+01  2.3200e+08 -1.2937e+09 -3.4488e+09 -2.3198e+08  1.2937e+09  3.4488e+09
  9.0010e+01  2.3252e+08 -1.2966e+09 -3.4565e+09 -2.3249e+08  1.2965e+09  3.4565e+09
  9.0110e+01  2.3304e+08 -1.2995e+09 -3.4642e+09 -2.3301e+08  1.2994e+09  3.4642e+09
  9.0210e+01  2.3355e+08 -1.3023e+09 -3.4719e+09 -2.3353e+08  1.3023e+09  3.4719e+09
  9.0310e+01  2.3407e+08 -1.3052e+09 -3.4796e+09 -2.3405e+08  1.3052e+09  3.4796e+09
  9.0410e+01  2.3459e+08 -1.3081e+09 -3.4873e+09 -2.3456e+08  1.3081e+09  3.4873e+09
  9.0509e+01  2.3511e+08 -1.3110e+09 -3.4950e+09 -2.3508e+08  1.3110e+09  3.4950e+09
  9.0609e+01  2.3563e+08 -1.3139e+09 -3.5027e+09 -2.3560e+08  1.3139e+09  3.5027e+09
  9.0709e+01  2.3615e+08 -1.3168e+09 -3.5104e+09 -2.3612e+08  1.3168e+09  3.5104e+09
  9.0809e+01  2.3667e+08 -1.3197e+09 -3.5182e+09 -2.3664e+08  1.3197e+09  3.5181e+09
  9.0909e+01  2.3719e+08 -1.3226e+09 -3.5259e+09 -2.3716e+08  1.3226e+09  3.5259e+09
  9.1009e+01  2.3771e+08 -1.3255e+09 -3.5337e+09 -2.3768e+08  1.3255e+09  3.5336e+09
  9.1109e+01  2.3823e+08 -1.3284e+09 -3.5414e+09 -2.3821e+08  1.3284e+09  3.5414e+09
  9.1209e+01  2.3875e+08 -1.3314e+09 -3.5492e+09 -2.3873e+08  1.3313e+09  3.5492e+09
  9.1309e+01  2.3928e+08 -1.3343e+09 -3.5570e+09 -2.3925e+08  1.3342e+09  3.5570e+09
  9.1409e+01  2.3980e+08 -1.3372e+09 -3.5648e+09 -2.3978e+08  1.3371e+09  3.5647e+09
  9.1508e+01  2.4033e+08 -1.3401e+09 -3.5726e+09 -2.4030e+08  1.3401e+09  3.5725e+09
  9.1608e+01  2.4085e+08 -1.3430e+09 -3.5804e+09 -2.4083e+08  1.3430e+09  3.5803e+09
  9.1708e+01  2.4138e+08 -1.3460e+09 -3.5882e+09 -2.4135e+08  1.3459e+09  3.5882e+09
  9.1808e+01  2.4190e+08 -1.3489e+09 -3.5960e+09 -2.4188e+08  1.3488e+09  3.5960e+09
  9.1908e+01  2.4243e+08 -1.3518e+09 -3.6038e+09 -2.4240e+08  1.3518e+09  3.6038e+09
  9.2008e+01  2.4296e+08 -1.3548e+09 -3.6117e+09 -2.4293e+08  1.3547e+09  3.6117e+09
  9.2108e+01  2.4348e+08 -1.3577e+09 -3.6195e+09 -2.4346e+08  1.3577e+09  3.6195e+09
  9.2208e+01  2.4401e+08 -1.3607e+09 -3.6274e+09 -2.4399e+08  1.3606e+09  3.6274e+09
  9.2308e+01  2.4454e+08 -1.3636e+09 -3.6352e+09 -2.4452e+08  1.3636e+09  3.6352e+09
  9.2408e+01  2.4507e+08 -1.3666e+09 -3.6431e+09 -2.4505e+08  1.3665e+09  3.6431e+09
  9.2507e+01  2.4560e+08 -1.3695e+09 -3.6510e+09 -2.4558e+08  1.3695e+09  3.6510e+09
  9.2607e+01  2.4613e+08 -1.3725e+09 -3.6589e+09 -2.4611e+08  1.3724e+09  3.6589e+09
  9.2707e+01  2.4666e+08 -1.3755e+09 -3.6668e+09 -2.4664e+08  1.3754e+09  3.6668e+09
  9.2807e+01  2.4720e+08 -1.3784e+09 -3.6747e+09 -2.4717e+08  1.3784e+09  3.6747e+09
  9.2907e+01  2.4773e+08 -1.3814e+09 -3.6826e+09 -2.4770e+08  1.3813e+09  3.6826e+09
  9.3007e+01  2.4826e+08 -1.3844e+09 -3.6905e+09 -2.4824e+08  1.3843e+09  3.6905e+09
  9.3107e+01  2.4879e+08 -1.3873e+09 -3.6984e+09 -2.4877e+08  1.3873e+09  3.6984e+09
  9.3207e+01  2.4933e+08 -1.3903e+09 -3.7064e+09 -2.4930e+08  1.3903e+09  3.7064e+09
  9.3307e+01  2.4986e+08 -1.3933e+09 -3.7143e+09 -2.4984e+08  1.3932e+09  3.7143e+09
  9.3407e+01  2.5040e+08 -1.3963e+09 -3.7223e+09 -2.5037e+08  1.3962e+09  3.7223e+09
  9.3506e+01  2.5093e+08 -1.3993e+09 -3.7303e+09 -2.5091e+08  1.3992e+09  3.7303e+09
  9.3606e+01  2.5147e+08 -1.4023e+09 -3.7382e+09 -2.5145e+08  1.4022e+09  3.7382e+09
  9.3706e+01  2.5201e+08 -1.4053e+09 -3.7462e+09 -2.5198e+08  1.4052e+09  3.7462e+09
  9.3806e+01  2.5255e+08 -1.4083e+09 -3.7542e+09 -2.5252e+08  1.4082e+09  3.7542e+09
  9.3906e+01  2.5308e+08 -1.4113e+09 -3.7622e+09 -2.5306e+08  1.4112e+09  3.7622e+09
  9.4006e+01  2.5362e+08 -1.4143e+09 -3.7702e+09 -2.5360e+08  1.4142e+09  3.7702e+09
  9.4106e+01  2.5416e+08 -1.4173e+09 -3.7782e+09 -2.5414e+08  1.4172e+09  3.7782e+09
  9.4206e+01  2.5470e+08 -1.4203e+09 -3.7863e+09 -2.5468e+08  1.4202e+09  3.7863e+09
  9.4306e+01  2.5524e+08 -1.4233e+09 -3.7943e+09 -2.5522e+08  1.4232e+09  3.7943e+09
  9.4406e+01  2.5578e+08 -1.4263e+09 -3.8023e+09 -2.5576e+08  1.4263e+09  3.8023e+09
  9.4505e+01  2.5632e+08 -1.4293e+09 -3.8104e+09 -2.5630e+08  1.4293e+09  3.8104e+09
  9.4605e+01  2.5687e+08 -1.4324e+09 -3.8185e+09 -2.5684e+08  1.4323e+09  3.8184e+09
  9.4705e+01  2.5741e+08 -1.4354e+09 -3.8265e+09 -2.5738e+08  1.4353e+09  3.8265e+09
  9.4805e+01  2.5795e+08 -1.4384e+09 -3.8346e+09 -2.5793e+08  1.4383e+09  3.8346e+09
  9.4905e+01  2.5850e+08 -1.4414e+09 -3.8427e+09 -2.5847e+08  1.4414e+09  3.8427e+09
  9.5005e+01  2.5904e+08 -1.4445e+09 -3.8508e+09 -2.5902e+08  1.4444e+09  3.8508e+09
  9.5105e+01  2.5959e+08 -1.4475e+09 -3.8589e+09 -2.5956e+08  1.4475e+09  3.8589e+09
  9.5205e+01  2.6013e+08 -1.4506e+09 -3.8670e+09 -2.6011e+08  1.4505e+09  3.8670e+09
  9.5305e+01  2.6068e+08 -1.4536e+09 -3.8751e+09 -2.6065e+08  1.4535e+09  3.8751e+09
  9.5405e+01  2.6123e+08 -1.4567e+09 -3.8832e+09 -2.6120e+08  1.4566e+09  3.8832e+09
  9.5504e+01  2.6177e+08 -1.4597e+09 -3.8914e+09 -2.6175e+08  1.4596e+09  3.8914e+09
  9.5604e+01  2.6232e+08 -1.4628e+09 -3.8995e+09 -2.6229e+08  1.4627e+09  3.8995e+09
  9.5704e+01  2.6287e+08 -1.4658e+09 -3.9077e+09 -2.6284e+08  1.4658e+09  3.9077e+09
  9.5804e+01  2.6342e+08 -1.4689e+09 -3.9158e+09 -2.6339e+08  1.4688e+09  3.9158e+09
  9.5904e+01  2.6397e+08 -1.4720e+09 -3.9240e+09 -2.6394e+08  1.4719e+09  3.9240e+09
  9.6004e+01  2.6452e+08 -1.4750e+09 -3.9322e+09 -2.6449e+08  1.4750e+09  3.9322e+09
  9.6104e+01  2.6507e+08 -1.4781e+09 -3.9404e+09 -2.6504e+08  1.4780e+09  3.9404e+09
  9.6204e+01  2.6562e+08 -1.4812e+09 -3.9486e+09 -2.6559e+08  1.4811e+09  3.9486e+09
  9.6304e+01  2.6617e+08 -1.4842e+09 -3.9568e+09 -2.6614e+08  1.4842e+09  3.9568e+09
  9.6404e+01  2.6672e+08 -1.4873e+09 -3.9650e+09 -2.6670e+08  1.4873e+09  3.9650e+09
  9.6503e+01  2.6728e+08 -1.4904e+09 -3.9732e+09 -2.6725e+08  1.4903e+09  3.9732e+09
  9.6603e+01  2.6783e+08 -1.4935e+09 -3.9814e+09 -2.6780e+08  1.4934e+09  3.9814e+09
  9.6703e+01  2.6839e+08 -1.4966e+09 -3.9897e+09 -2.6836e+08  1.4965e+09  3.9897e+09
  9.6803e+01  2.6894e+08 -1.4997e+09 -3.9979e+09 -2.6891e+08  1.4996e+09  3.9979e+09
  9.6903e+01  2.6950e+08 -1.5028e+09 -4.0062e+09 -2.6947e+08  1.5027e+09  4.0062e+09
  9.7003e+01  2.7005e+08 -1.5059e+09 -4.0145e+09 -2.7002e+08  1.5058e+09  4.0144e+09
  9.7103e+01  2.7061e+08 -1.5090e+09 -4.0227e+09 -2.7058e+08  1.5089e+09  4.0227e+09
  9.7203e+01  2.7117e+08 -1.5121e+09 -4.0310e+09 -2.7114e+08  1.5120e+09  4.0310e+09
  9.7303e+01  2.7172e+08 -1.5152e+09 -4.0393e+09 -2.7170e+08  1.5151e+09  4.0393e+09
  9.7403e+01  2.7228e+08 -1.5183e+09 -4.0476e+09 -2.7225e+08  1.5182e+09  4.0476e+09
  9.7502e+01  2.7284e+08 -1.5214e+09 -4.0559e+09 -2.7281e+08  1.5214e+09  4.0559e+09
  9.7602e+01  2.7340e+08 -1.5245e+09 -4.0642e+09 -2.7337e+08  1.5245e+09  4.0642e+09
  9.7702e+01  2.7396e+08 -1.5277e+09 -4.0725e+09 -2.7393e+08  1.5276e+09  4.0725e+09
  9.7802e+01  2.7452e+08 -1.5308e+09 -4.0809e+09 -2.7449e+08  1.5307e+09  4.0809e+09
  9.7902e+01  2.7508e+08 -1.5339e+09 -4.0892e+09 -2.7505e+08  1.5339e+09  4.0892e+09
  9.8002e+01  2.7564e+08 -1.5371e+09 -4.0976e+09 -2.7561e+08  1.5370e+09  4.0976e+09
  9.8102e+01  2.7620e+08 -1.5402e+09 -4.1059e+09 -2.7618e+08  1.5401e+09  4.1059e+09
  9.8202e+01  2.7677e+08 -1.5433e+09 -4.1143e+09 -2.7674e+08  1.5433e+09  4.1143e+09
  9.8302e+01  2.7733e+08 -1.5465e+09 -4.1227e+09 -2.7730e+08  1.5464e+09  4.1227e+09
  9.8402e+01  2.7790e+08 -1.5496e+09 -4.1310e+09 -2.7787e+08  1.5495e+09  4.1310e+09
  9.8501e+01  2.7846e+08 -1.5528e+09 -4.1394e+09 -2.7843e+08  1.5527e+09  4.1394e+09
  9.8601e+01  2.7902e+08 -1.5559e+09 -4.1478e+09 -2.7900e+08  1.5558e+09  4.1478e+09
  9.8701e+01  2.7959e+08 -1.5591e+09 -4.1563e+09 -2.7956e+08  1.5590e+09  4.1562e+09
  9.8801e+01  2.8016e+08 -1.5622e+09 -4.1647e+09 -2.8013e+08  1.5622e+09  4.1647e+09
  9.8901e+01  2.8072e+08 -1.5654e+09 -4.1731e+09 -2.8069e+08  1.5653e+09  4.1731e+09
  9.9001e+01  2.8129e+08 -1.5686e+09 -4.1815e+09 -2.8126e+08  1.5685e+09  4.1815e+09
  9.9101e+01  2.8186e+08 -1.5717e+09 -4.1900e+09 -2.8183e+08  1.5716e+09  4.1900e+09
  9.9201e+01  2.8243e+08 -1.5749e+09 -4.1984e+09 -2.8240e+08  1.5748e+09  4.1984e+09
  9.9301e+01  2.8300e+08 -1.5781e+09 -4.2069e+09 -2.8297e+08  1.5780e+09  4.2069e+09
  9.9401e+01  2.8357e+08 -1.5812e+09 -4.2154e+09 -2.8354e+08  1.5812e+09  4.2153e+09
  9.9500e+01  2.8414e+08 -1.5844e+09 -4.2238e+09 -2.8411e+08  1.5843e+09  4.2238e+09
  9.9600e+01  2.8471e+08 -1.5876e+09 -4.2323e+09 -2.8468e+08  1.5875e+09  4.2323e+09
  9.9700e+01  2.8528e+08 -1.5908e+09 -4.2408e+09 -2.8525e+08  1.5907e+09  4.2408e+09
  9.9800e+01  2.8585e+08 -1.5940e+09 -4.2493e+09 -2.8582e+08  1.5939e+09  4.2493e+09
  9.9900e+01  2.8642e+08 -1.5972e+09 -4.2578e+09 -2.8639e+08  1.5971e+09  4.2578e+09
  1.0000e+02  2.8700e+08 -1.6004e+09 -4.2663e+09 -2.8697e+08  1.6003e+09  4.2663e+09
