0.0000e+00   1.0000e+02   0.0000e+00   1.0000e+02
1.0000e-01   1.0110e+02   9.9233e+00   9.9799e+01
2.0000e-01   1.0479e+02   1.9340e+01   9.9118e+01
3.0000e-01   1.1090e+02   2.7665e+01   9.7959e+01
4.0000e-01   1.1911e+02   3.4367e+01   9.6328e+01
5.0000e-01   1.2902e+02   3.8994e+01   9.4232e+01
6.0000e-01   1.4012e+02   4.1201e+01   9.1680e+01
7.0000e-01   1.5181e+02   4.0768e+01   8.8685e+01
8.0000e-01   1.6348e+02   3.7611e+01   8.5261e+01
9.0000e-01   1.7452e+02   3.1792e+01   8.1423e+01
1.0000e+00   1.8432e+02   2.3511e+01   7.7190e+01
1.1000e+00   1.9235e+02   1.3103e+01   7.2583e+01
1.2000e+00   1.9815e+02   1.0158e+00   6.7622e+01
1.3000e+00   2.0140e+02   -1.2208e+01   6.2332e+01
1.4000e+00   2.0189e+02   -2.5962e+01   5.6738e+01
1.5000e+00   1.9955e+02   -3.9607e+01   5.0866e+01
1.6000e+00   1.9448e+02   -5.2501e+01   4.4744e+01
1.7000e+00   1.8690e+02   -6.4041e+01   3.8402e+01
1.8000e+00   1.7718e+02   -7.3684e+01   3.1870e+01
1.9000e+00   1.6580e+02   -8.0987e+01   2.5180e+01
2.0000e+00   1.5333e+02   -8.5625e+01   1.8363e+01
2.1000e+00   1.4040e+02   -8.7410e+01   1.1452e+01
2.2000e+00   1.2768e+02   -8.6305e+01   4.4800e+00
2.3000e+00   1.1582e+02   -8.2423e+01   -2.5188e+00
2.4000e+00   1.0543e+02   -7.6025e+01   -9.5111e+00
2.5000e+00   9.7057e+01   -6.7509e+01   -1.6463e+01
2.6000e+00   9.1143e+01   -5.7385e+01   -2.3342e+01
2.7000e+00   8.7997e+01   -4.6254e+01   -3.0113e+01
2.8000e+00   8.7788e+01   -3.4776e+01   -3.6745e+01
2.9000e+00   9.0529e+01   -2.3633e+01   -4.3206e+01
3.0000e+00   9.6077e+01   -1.3496e+01   -4.9463e+01
3.1000e+00   1.0414e+02   -4.9895e+00   -5.5488e+01
3.2000e+00   1.1428e+02   1.3454e+00   -6.1250e+01
3.3000e+00   1.2597e+02   5.0762e+00   -6.6722e+01
3.4000e+00   1.3856e+02   5.9047e+00   -7.1877e+01
3.5000e+00   1.5137e+02   3.6840e+00   -7.6691e+01
3.6000e+00   1.6371e+02   -1.5729e+00   -8.1139e+01
3.7000e+00   1.7487e+02   -9.6920e+00   -8.5200e+01
3.8000e+00   1.8424e+02   -2.0346e+01   -8.8854e+01
3.9000e+00   1.9127e+02   -3.3072e+01   -9.2084e+01
4.0000e+00   1.9553e+02   -4.7291e+01   -9.4872e+01
4.1000e+00   1.9675e+02   -6.2340e+01   -9.7206e+01
4.2000e+00   1.9479e+02   -7.7509e+01   -9.9075e+01
4.3000e+00   1.8971e+02   -9.2070e+01   -1.0047e+02
4.4000e+00   1.8170e+02   -1.0533e+02   -1.0138e+02
4.5000e+00   1.7112e+02   -1.1664e+02   -1.0180e+02
4.6000e+00   1.5849e+02   -1.2547e+02   -1.0173e+02
4.7000e+00   1.4440e+02   -1.3140e+02   -1.0118e+02
4.8000e+00   1.2955e+02   -1.3416e+02   -1.0013e+02
4.9000e+00   1.1468e+02   -1.3366e+02   -9.8606e+01
5.0000e+00   1.0054e+02   -1.2997e+02   -9.6603e+01
5.1000e+00   8.7832e+01   -1.2332e+02   -9.4134e+01
5.2000e+00   7.7207e+01   -1.1412e+02   -9.1209e+01
5.3000e+00   6.9200e+01   -1.0289e+02   -8.7843e+01
5.4000e+00   6.4213e+01   -9.0283e+01   -8.4052e+01
5.5000e+00   6.2493e+01   -7.7026e+01   -7.9852e+01
5.6000e+00   6.4114e+01   -6.3882e+01   -7.5265e+01
5.7000e+00   6.8976e+01   -5.1615e+01   -7.0312e+01
5.8000e+00   7.6802e+01   -4.0951e+01   -6.5017e+01
5.9000e+00   8.7160e+01   -3.2535e+01   -5.9404e+01
6.0000e+00   9.9476e+01   -2.6899e+01   -5.3501e+01
6.1000e+00   1.1307e+02   -2.4433e+01   -4.7336e+01
6.2000e+00   1.2718e+02   -2.5362e+01   -4.0938e+01
6.3000e+00   1.4103e+02   -2.9732e+01   -3.4337e+01
6.4000e+00   1.5382e+02   -3.7410e+01   -2.7566e+01
6.5000e+00   1.6482e+02   -4.8084e+01   -2.0657e+01
6.6000e+00   1.7338e+02   -6.1280e+01   -1.3643e+01
6.7000e+00   1.7898e+02   -7.6389e+01   -6.5577e+00
6.8000e+00   1.8124e+02   -9.2691e+01   5.6493e-01
6.9000e+00   1.7996e+02   -1.0940e+02   7.6906e+00
7.0000e+00   1.7512e+02   -1.2570e+02   1.4785e+01
7.1000e+00   1.6690e+02   -1.4079e+02   2.1814e+01
7.2000e+00   1.5563e+02   -1.5391e+02   2.8743e+01
7.3000e+00   1.4184e+02   -1.6443e+02   3.5540e+01
7.4000e+00   1.2617e+02   -1.7182e+02   4.2171e+01
7.5000e+00   1.0937e+02   -1.7573e+02   4.8604e+01
7.6000e+00   9.2278e+01   -1.7597e+02   5.4809e+01
7.7000e+00   7.5720e+01   -1.7257e+02   6.0754e+01
7.8000e+00   6.0522e+01   -1.6572e+02   6.6412e+01
7.9000e+00   4.7437e+01   -1.5581e+02   7.1755e+01
8.0000e+00   3.7115e+01   -1.4341e+02   7.6757e+01
8.1000e+00   3.0065e+01   -1.2919e+02   8.1393e+01
8.2000e+00   2.6627e+01   -1.1396e+02   8.5641e+01
8.3000e+00   2.6950e+01   -9.8550e+01   8.9480e+01
8.4000e+00   3.0988e+01   -8.3840e+01   9.2892e+01
8.5000e+00   3.8498e+01   -7.0663e+01   9.5859e+01
8.6000e+00   4.9048e+01   -5.9782e+01   9.8367e+01
8.7000e+00   6.2043e+01   -5.1843e+01   1.0040e+02
8.8000e+00   7.6754e+01   -4.7344e+01   1.0196e+02
8.9000e+00   9.2351e+01   -4.6603e+01   1.0302e+02
9.0000e+00   1.0795e+02   -4.9741e+01   1.0359e+02
9.1000e+00   1.2267e+02   -5.6677e+01   1.0367e+02
9.2000e+00   1.3565e+02   -6.7125e+01   1.0324e+02
9.3000e+00   1.4612e+02   -8.0613e+01   1.0231e+02
9.4000e+00   1.5344e+02   -9.6501e+01   1.0090e+02
9.5000e+00   1.5713e+02   -1.1402e+02   9.8993e+01
9.6000e+00   1.5689e+02   -1.3230e+02   9.6610e+01
9.7000e+00   1.5263e+02   -1.5043e+02   9.3761e+01
9.8000e+00   1.4447e+02   -1.6749e+02   9.0458e+01
9.9000e+00   1.3273e+02   -1.8262e+02   8.6716e+01
1.0000e+01   1.1794e+02   -1.9504e+02   8.2555e+01
1.0100e+01   1.0078e+02   -2.0412e+02   7.7992e+01
1.0200e+01   8.2060e+01   -2.0939e+02   7.3051e+01
1.0300e+01   6.2685e+01   -2.1057e+02   6.7754e+01
1.0400e+01   4.3600e+01   -2.0762e+02   6.2126e+01
1.0500e+01   2.5744e+01   -2.0068e+02   5.6195e+01
1.0600e+01   9.9960e+00   -1.9013e+02   4.9989e+01
1.0700e+01   -2.8660e+00   -1.7653e+02   4.3537e+01
1.0800e+01   -1.2212e+01   -1.6061e+02   3.6870e+01
1.0900e+01   -1.7592e+01   -1.4322e+02   3.0021e+01
1.1000e+01   -1.8762e+01   -1.2532e+02   2.3021e+01
1.1100e+01   -1.5699e+01   -1.0787e+02   1.5905e+01
1.1200e+01   -8.6035e+00   -9.1830e+01   8.7070e+00
1.1300e+01   2.1089e+00   -7.8098e+01   1.4611e+00
1.1400e+01   1.5827e+01   -6.7450e+01   -5.7977e+00
1.1500e+01   3.1776e+01   -6.0507e+01   -1.3034e+01
1.1600e+01   4.9056e+01   -5.7698e+01   -2.0214e+01
1.1700e+01   6.6687e+01   -5.9238e+01   -2.7302e+01
1.1800e+01   8.3664e+01   -6.5111e+01   -3.4265e+01
1.1900e+01   9.9006e+01   -7.5075e+01   -4.1068e+01
1.2000e+01   1.1181e+02   -8.8664e+01   -4.7679e+01
1.2100e+01   1.2130e+02   -1.0522e+02   -5.4065e+01
1.2200e+01   1.2686e+02   -1.2392e+02   -6.0197e+01
1.2300e+01   1.2809e+02   -1.4382e+02   -6.6043e+01
1.2400e+01   1.2481e+02   -1.6390e+02   -7.1577e+01
1.2500e+01   1.1706e+02   -1.8312e+02   -7.6770e+01
1.2600e+01   1.0515e+02   -2.0049e+02   -8.1598e+01
1.2700e+01   8.9581e+01   -2.1509e+02   -8.6037e+01
1.2800e+01   7.1065e+01   -2.2615e+02   -9.0065e+01
1.2900e+01   5.0474e+01   -2.3307e+02   -9.3663e+01
1.3000e+01   2.8798e+01   -2.3547e+02   -9.6813e+01
1.3100e+01   7.0917e+00   -2.3320e+02   -9.9500e+01
1.3200e+01   -1.3580e+01   -2.2636e+02   -1.0171e+02
1.3300e+01   -3.2197e+01   -2.1528e+02   -1.0343e+02
1.3400e+01   -4.7838e+01   -2.0053e+02   -1.0466e+02
1.3500e+01   -5.9734e+01   -1.8286e+02   -1.0538e+02
1.3600e+01   -6.7304e+01   -1.6322e+02   -1.0559e+02
1.3700e+01   -7.0193e+01   -1.4261e+02   -1.0530e+02
1.3800e+01   -6.8289e+01   -1.2215e+02   -1.0450e+02
1.3900e+01   -6.1733e+01   -1.0292e+02   -1.0320e+02
1.4000e+01   -5.0913e+01   -8.5951e+01   -1.0140e+02
1.4100e+01   -3.6445e+01   -7.2182e+01   -9.9108e+01
1.4200e+01   -1.9145e+01   -6.2371e+01   -9.6339e+01
1.4300e+01   1.4940e-02   -5.7080e+01   -9.3103e+01
1.4400e+01   1.9957e+01   -5.6634e+01   -8.9417e+01
1.4500e+01   3.9552e+01   -6.1106e+01   -8.5297e+01
1.4600e+01   5.7678e+01   -7.0308e+01   -8.0764e+01
1.4700e+01   7.3281e+01   -8.3798e+01   -7.5838e+01
1.4800e+01   8.5434e+01   -1.0091e+02   -7.0543e+01
1.4900e+01   9.3380e+01   -1.2076e+02   -6.4904e+01
1.5000e+01   9.6579e+01   -1.4234e+02   -5.8948e+01
1.5100e+01   9.4740e+01   -1.6452e+02   -5.2704e+01
1.5200e+01   8.7831e+01   -1.8613e+02   -4.6201e+01
1.5300e+01   7.6091e+01   -2.0603e+02   -3.9470e+01
1.5400e+01   6.0014e+01   -2.2315e+02   -3.2544e+01
1.5500e+01   4.0329e+01   -2.3655e+02   -2.5456e+01
1.5600e+01   1.7963e+01   -2.4550e+02   -1.8239e+01
1.5700e+01   -6.0102e+00   -2.4947e+02   -1.0929e+01
1.5800e+01   -3.0420e+01   -2.4821e+02   -3.5605e+00
1.5900e+01   -5.4064e+01   -2.4173e+02   3.8312e+00
1.6000e+01   -7.5767e+01   -2.3032e+02   1.1210e+01
1.6100e+01   -9.4451e+01   -2.1454e+02   1.8541e+01
1.6200e+01   -1.0918e+02   -1.9517e+02   2.5789e+01
1.6300e+01   -1.1923e+02   -1.7320e+02   3.2918e+01
1.6400e+01   -1.2411e+02   -1.4974e+02   3.9895e+01
1.6500e+01   -1.2359e+02   -1.2602e+02   4.6685e+01
1.6600e+01   -1.1775e+02   -1.0328e+02   5.3256e+01
1.6700e+01   -1.0691e+02   -8.2709e+01   5.9576e+01
1.6800e+01   -9.1705e+01   -6.5403e+01   6.5614e+01
1.6900e+01   -7.2968e+01   -5.2290e+01   7.1341e+01
1.7000e+01   -5.1742e+01   -4.4085e+01   7.6729e+01
1.7100e+01   -2.9209e+01   -4.1246e+01   8.1752e+01
1.7200e+01   -6.6291e+00   -4.3954e+01   8.6386e+01
1.7300e+01   1.4724e+01   -5.2096e+01   9.0607e+01
1.7400e+01   3.3632e+01   -6.5270e+01   9.4396e+01
1.7500e+01   4.8992e+01   -8.2806e+01   9.7733e+01
1.7600e+01   5.9882e+01   -1.0379e+02   1.0060e+02
1.7700e+01   6.5608e+01   -1.2713e+02   1.0299e+02
1.7800e+01   6.5742e+01   -1.5159e+02   1.0488e+02
1.7900e+01   6.0147e+01   -1.7585e+02   1.0627e+02
1.8000e+01   4.8991e+01   -1.9862e+02   1.0715e+02
1.8100e+01   3.2735e+01   -2.1866e+02   1.0752e+02
1.8200e+01   1.2114e+01   -2.3485e+02   1.0737e+02
1.8300e+01   -1.1898e+01   -2.4627e+02   1.0670e+02
1.8400e+01   -3.8142e+01   -2.5227e+02   1.0551e+02
1.8500e+01   -6.5328e+01   -2.5244e+02   1.0382e+02
1.8600e+01   -9.2106e+01   -2.4669e+02   1.0163e+02
1.8700e+01   -1.1714e+02   -2.3526e+02   9.8942e+01
1.8800e+01   -1.3915e+02   -2.1865e+02   9.5779e+01
1.8900e+01   -1.5705e+02   -1.9768e+02   9.2153e+01
1.9000e+01   -1.6992e+02   -1.7338e+02   8.8079e+01
1.9100e+01   -1.7711e+02   -1.4697e+02   8.3579e+01
1.9200e+01   -1.7828e+02   -1.1980e+02   7.8672e+01
1.9300e+01   -1.7338e+02   -9.3253e+01   7.3383e+01
1.9400e+01   -1.6268e+02   -6.8713e+01   6.7737e+01
1.9500e+01   -1.4680e+02   -4.7455e+01   6.1760e+01
1.9600e+01   -1.2658e+02   -3.0592e+01   5.5480e+01
1.9700e+01   -1.0313e+02   -1.9018e+01   4.8929e+01
1.9800e+01   -7.7749e+01   -1.3351e+01   4.2137e+01
1.9900e+01   -5.1820e+01   -1.3903e+01   3.5136e+01
2.0000e+01   -2.6785e+01   -2.0660e+01   2.7961e+01
2.0100e+01   -4.0469e+00   -3.3277e+01   2.0646e+01
2.0200e+01   1.5101e+01   -5.1100e+01   1.3225e+01
2.0300e+01   2.9544e+01   -7.3188e+01   5.7344e+00
2.0400e+01   3.8407e+01   -9.8370e+01   -1.7897e+00
2.0500e+01   4.1103e+01   -1.2530e+02   -9.3111e+00
2.0600e+01   3.7365e+01   -1.5252e+02   -1.6794e+01
2.0700e+01   2.7264e+01   -1.7856e+02   -2.4202e+01
2.0800e+01   1.1210e+01   -2.0197e+02   -3.1499e+01
2.0900e+01   -1.0071e+01   -2.2147e+02   -3.8650e+01
2.1000e+01   -3.5566e+01   -2.3592e+02   -4.5621e+01
2.1100e+01   -6.4035e+01   -2.4449e+02   -5.2379e+01
2.1200e+01   -9.4066e+01   -2.4661e+02   -5.8889e+01
2.1300e+01   -1.2415e+02   -2.4206e+02   -6.5121e+01
2.1400e+01   -1.5277e+02   -2.3099e+02   -7.1045e+01
2.1500e+01   -1.7846e+02   -2.1386e+02   -7.6631e+01
2.1600e+01   -1.9991e+02   -1.9148e+02   -8.1853e+01
2.1700e+01   -2.1601e+02   -1.6493e+02   -8.6685e+01
2.1800e+01   -2.2592e+02   -1.3553e+02   -9.1104e+01
2.1900e+01   -2.2914e+02   -1.0474e+02   -9.5088e+01
2.2000e+01   -2.2549e+02   -7.4137e+01   -9.8617e+01
2.2100e+01   -2.1518e+02   -4.5276e+01   -1.0167e+02
2.2200e+01   -1.9874e+02   -1.9644e+01   -1.0424e+02
2.2300e+01   -1.7706e+02   1.4330e+00   -1.0632e+02
2.2400e+01   -1.5129e+02   1.6858e+01   -1.0788e+02
2.2500e+01   -1.2283e+02   2.5824e+01   -1.0892e+02
2.2600e+01   -9.3208e+01   2.7859e+01   -1.0944e+02
2.2700e+01   -6.4041e+01   2.2853e+01   -1.0943e+02
2.2800e+01   -3.6933e+01   1.1068e+01   -1.0889e+02
2.2900e+01   -1.3390e+01   -6.8717e+00   -1.0784e+02
2.3000e+01   5.2544e+00   -3.0013e+01   -1.0626e+02
2.3100e+01   1.7917e+01   -5.7116e+01   -1.0417e+02
2.3200e+01   2.3821e+01   -8.6724e+01   -1.0157e+02
2.3300e+01   2.2539e+01   -1.1723e+02   -9.8485e+01
2.3400e+01   1.4023e+01   -1.4697e+02   -9.4923e+01
2.3500e+01   -1.3940e+00   -1.7430e+02   -9.0901e+01
2.3600e+01   -2.3012e+01   -1.9769e+02   -8.6438e+01
2.3700e+01   -4.9794e+01   -2.1581e+02   -8.1555e+01
2.3800e+01   -8.0422e+01   -2.2759e+02   -7.6276e+01
2.3900e+01   -1.1336e+02   -2.3229e+02   -7.0625e+01
2.4000e+01   -1.4695e+02   -2.2952e+02   -6.4630e+01
2.4100e+01   -1.7946e+02   -2.1931e+02   -5.8319e+01
2.4200e+01   -2.0921e+02   -2.0206e+02   -5.1722e+01
2.4300e+01   -2.3466e+02   -1.7856e+02   -4.4871e+01
2.4400e+01   -2.5447e+02   -1.4992e+02   -3.7799e+01
2.4500e+01   -2.6760e+02   -1.1753e+02   -3.0539e+01
2.4600e+01   -2.7333e+02   -8.3026e+01   -2.3126e+01
2.4700e+01   -2.7135e+02   -4.8125e+01   -1.5595e+01
2.4800e+01   -2.6174e+02   -1.4601e+01   -7.9840e+00
2.4900e+01   -2.4498e+02   1.5833e+01   -3.2809e-01
2.5000e+01   -2.2193e+02   4.1612e+01   7.3355e+00
2.5100e+01   -1.9381e+02   6.1406e+01   1.4970e+01
2.5200e+01   -1.6210e+02   7.4187e+01   2.2539e+01
2.5300e+01   -1.2848e+02   7.9291e+01   3.0005e+01
2.5400e+01   -9.4746e+01   7.6455e+01   3.7332e+01
2.5500e+01   -6.2726e+01   6.5832e+01   4.4486e+01
2.5600e+01   -3.4163e+01   4.7988e+01   5.1432e+01
2.5700e+01   -1.0634e+01   2.3878e+01   5.8135e+01
2.5800e+01   6.5356e+00   -5.2069e+00   6.4564e+01
2.5900e+01   1.6348e+01   -3.7697e+01   7.0687e+01
2.6000e+01   1.8185e+01   -7.1832e+01   7.6475e+01
2.6100e+01   1.1844e+01   -1.0575e+02   8.1899e+01
2.6200e+01   -2.4441e+00   -1.3757e+02   8.6934e+01
2.6300e+01   -2.4028e+01   -1.6553e+02   9.1554e+01
2.6400e+01   -5.1863e+01   -1.8803e+02   9.5737e+01
2.6500e+01   -8.4564e+01   -2.0377e+02   9.9462e+01
2.6600e+01   -1.2048e+02   -2.1177e+02   1.0271e+02
2.6700e+01   -1.5776e+02   -2.1147e+02   1.0547e+02
2.6800e+01   -1.9449e+02   -2.0274e+02   1.0772e+02
2.6900e+01   -2.2875e+02   -1.8587e+02   1.0946e+02
2.7000e+01   -2.5873e+02   -1.6162e+02   1.1067e+02
2.7100e+01   -2.8284e+02   -1.3113e+02   1.1135e+02
2.7200e+01   -2.9977e+02   -9.5861e+01   1.1149e+02
2.7300e+01   -3.0860e+02   -5.7567e+01   1.1110e+02
2.7400e+01   -3.0882e+02   -1.8163e+01   1.1017e+02
2.7500e+01   -3.0035e+02   2.0359e+01   1.0871e+02
2.7600e+01   -2.8360e+02   5.6034e+01   1.0672e+02
2.7700e+01   -2.5939e+02   8.7035e+01   1.0422e+02
2.7800e+01   -2.2897e+02   1.1176e+02   1.0122e+02
2.7900e+01   -1.9390e+02   1.2893e+02   9.7726e+01
2.8000e+01   -1.5602e+02   1.3766e+02   9.3760e+01
2.8100e+01   -1.1732e+02   1.3748e+02   8.9339e+01
2.8200e+01   -7.9860e+01   1.2842e+02   8.4485e+01
2.8300e+01   -4.5641e+01   1.1095e+02   7.9220e+01
2.8400e+01   -1.6518e+01   8.6004e+01   7.3569e+01
2.8500e+01   5.9110e+00   5.4919e+01   6.7560e+01
2.8600e+01   2.0389e+01   1.9364e+01   6.1221e+01
2.8700e+01   2.6067e+01   -1.8739e+01   5.4581e+01
2.8800e+01   2.2558e+01   -5.7318e+01   4.7674e+01
2.8900e+01   9.9532e+00   -9.4256e+01   4.0532e+01
2.9000e+01   -1.1170e+01   -1.2751e+02   3.3189e+01
2.9100e+01   -3.9781e+01   -1.5519e+02   2.5680e+01
2.9200e+01   -7.4442e+01   -1.7573e+02   1.8042e+01
2.9300e+01   -1.1338e+02   -1.8788e+02   1.0311e+01
2.9400e+01   -1.5459e+02   -1.9084e+02   2.5234e+00
2.9500e+01   -1.9591e+02   -1.8431e+02   -5.2822e+00
2.9600e+01   -2.3517e+02   -1.6845e+02   -1.3069e+01
2.9700e+01   -2.7028e+02   -1.4394e+02   -2.0798e+01
2.9800e+01   -2.9936e+02   -1.1191e+02   -2.8434e+01
2.9900e+01   -3.2081e+02   -7.3922e+01   -3.5939e+01
3.0000e+01   -3.3344e+02   -3.1832e+01   -4.3277e+01
3.0100e+01   -3.3651e+02   1.2251e+01   -5.0413e+01
3.0200e+01   -3.2977e+02   5.6098e+01   -5.7311e+01
3.0300e+01   -3.1349e+02   9.7474e+01   -6.3940e+01
3.0400e+01   -2.8844e+02   1.3425e+02   -7.0266e+01
3.0500e+01   -2.5587e+02   1.6454e+02   -7.6258e+01
3.0600e+01   -2.1743e+02   1.8675e+02   -8.1889e+01
3.0700e+01   -1.7511e+02   1.9973e+02   -8.7129e+01
3.0800e+01   -1.3108e+02   2.0280e+02   -9.1955e+01
3.0900e+01   -8.7665e+01   1.9578e+02   -9.6341e+01
3.1000e+01   -4.7151e+01   1.7905e+02   -1.0027e+02
3.1100e+01   -1.1698e+01   1.5348e+02   -1.0371e+02
3.1200e+01   1.6785e+01   1.2044e+02   -1.0666e+02
3.1300e+01   3.6742e+01   8.1680e+01   -1.0910e+02
3.1400e+01   4.7055e+01   3.9286e+01   -1.1102e+02
3.1500e+01   4.7104e+01   -4.4513e+00   -1.1240e+02
3.1600e+01   3.6810e+01   -4.7152e+01   -1.1325e+02
3.1700e+01   1.6639e+01   -8.6469e+01   -1.1355e+02
3.1800e+01   -1.2417e+01   -1.2021e+02   -1.1330e+02
3.1900e+01   -4.8885e+01   -1.4647e+02   -1.1250e+02
3.2000e+01   -9.0889e+01   -1.6371e+02   -1.1117e+02
3.2100e+01   -1.3624e+02   -1.7085e+02   -1.0930e+02
3.2200e+01   -1.8256e+02   -1.6736e+02   -1.0690e+02
3.2300e+01   -2.2738e+02   -1.5323e+02   -1.0398e+02
3.2400e+01   -2.6831e+02   -1.2905e+02   -1.0056e+02
3.2500e+01   -3.0313e+02   -9.5929e+01   -9.6657e+01
3.2600e+01   -3.2993e+02   -5.5448e+01   -9.2283e+01
3.2700e+01   -3.4720e+02   -9.6050e+00   -8.7462e+01
3.2800e+01   -3.5393e+02   3.9304e+01   -8.2215e+01
3.2900e+01   -3.4963e+02   8.8802e+01   -7.6568e+01
3.3000e+01   -3.3443e+02   1.3636e+02   -7.0549e+01
3.3100e+01   -3.0900e+02   1.7952e+02   -6.4185e+01
3.3200e+01   -2.7456e+02   2.1606e+02   -5.7506e+01
3.3300e+01   -2.3285e+02   2.4405e+02   -5.0546e+01
3.3400e+01   -1.8596e+02   2.6202e+02   -4.3337e+01
3.3500e+01   -1.3631e+02   2.6902e+02   -3.5913e+01
3.3600e+01   -8.6457e+01   2.6466e+02   -2.8310e+01
3.3700e+01   -3.9014e+01   2.4914e+02   -2.0565e+01
3.3800e+01   3.5264e+00   2.2327e+02   -1.2715e+01
3.3900e+01   3.8903e+01   1.8839e+02   -4.7975e+00
3.4000e+01   6.5217e+01   1.4636e+02   3.1496e+00
3.4100e+01   8.1031e+01   9.9398e+01   1.1088e+01
3.4200e+01   8.5452e+01   5.0026e+01   1.8979e+01
3.4300e+01   7.8179e+01   9.0429e-01   2.6785e+01
3.4400e+01   5.9532e+01   -4.5293e+01   3.4469e+01
3.4500e+01   3.0431e+01   -8.6025e+01   4.1993e+01
3.4600e+01   -7.6415e+00   -1.1902e+02   4.9320e+01
3.4700e+01   -5.2714e+01   -1.4238e+02   5.6417e+01
3.4800e+01   -1.0243e+02   -1.5473e+02   6.3247e+01
3.4900e+01   -1.5416e+02   -1.5525e+02   6.9778e+01
3.5000e+01   -2.0515e+02   -1.4371e+02   7.5979e+01
3.5100e+01   -2.5267e+02   -1.2057e+02   8.1819e+01
3.5200e+01   -2.9412e+02   -8.6864e+01   8.7269e+01
3.5300e+01   -3.2722e+02   -4.4212e+01   9.2304e+01
3.5400e+01   -3.5012e+02   5.2804e+00   9.6899e+01
3.5500e+01   -3.6145e+02   5.9130e+01   1.0103e+02
3.5600e+01   -3.6050e+02   1.1460e+02   1.0468e+02
3.5700e+01   -3.4714e+02   1.6884e+02   1.0783e+02
3.5800e+01   -3.2193e+02   2.1905e+02   1.1046e+02
3.5900e+01   -2.8605e+02   2.6261e+02   1.1256e+02
3.6000e+01   -2.4127e+02   2.9722e+02   1.1412e+02
3.6100e+01   -1.8981e+02   3.2105e+02   1.1514e+02
3.6200e+01   -1.3429e+02   3.3281e+02   1.1560e+02
3.6300e+01   -7.7565e+01   3.3184e+02   1.1550e+02
3.6400e+01   -2.2563e+01   3.1815e+02   1.1485e+02
3.6500e+01   2.7842e+01   2.9242e+02   1.1364e+02
3.6600e+01   7.0999e+01   2.5595e+02   1.1189e+02
3.6700e+01   1.0462e+02   2.1066e+02   1.0959e+02
3.6800e+01   1.2689e+02   1.5893e+02   1.0677e+02
3.6900e+01   1.3659e+02   1.0348e+02   1.0343e+02
3.7000e+01   1.3315e+02   4.7294e+01   9.9592e+01
3.7100e+01   1.1670e+02   -6.6180e+00   9.5270e+01
3.7200e+01   8.8040e+01   -5.5322e+01   9.0485e+01
3.7300e+01   4.8640e+01   -9.6137e+01   8.5261e+01
3.7400e+01   5.4194e-01   -1.2678e+02   7.9623e+01
3.7500e+01   -5.3731e+01   -1.4548e+02   7.3597e+01
3.7600e+01   -1.1131e+02   -1.5108e+02   6.7211e+01
3.7700e+01   -1.6912e+02   -1.4312e+02   6.0497e+01
3.7800e+01   -2.2405e+02   -1.2183e+02   5.3487e+01
3.7900e+01   -2.7311e+02   -8.8181e+01   4.6213e+01
3.8000e+01   -3.1360e+02   -4.3771e+01   3.8711e+01
3.8100e+01   -3.4325e+02   9.2015e+00   3.1016e+01
3.8200e+01   -3.6033e+02   6.8068e+01   2.3167e+01
3.8300e+01   -3.6376e+02   1.2982e+02   1.5199e+01
3.8400e+01   -3.5319e+02   1.9129e+02   7.1517e+00
3.8500e+01   -3.2899e+02   2.4926e+02   -9.3644e-01
3.8600e+01   -2.9225e+02   3.0071e+02   -9.0265e+00
3.8700e+01   -2.4474e+02   3.4290e+02   -1.7080e+01
3.8800e+01   -1.8880e+02   3.7359e+02   -2.5057e+01
3.8900e+01   -1.2727e+02   3.9109e+02   -3.2920e+01
3.9000e+01   -6.3269e+01   3.9442e+02   -4.0631e+01
3.9100e+01   -9.4466e-02   3.8333e+02   -4.8153e+01
3.9200e+01   5.8975e+01   3.5833e+02   -5.5449e+01
3.9300e+01   1.1085e+02   3.2067e+02   -6.2483e+01
3.9400e+01   1.5280e+02   2.7227e+02   -6.9223e+01
3.9500e+01   1.8258e+02   2.1565e+02   -7.5635e+01
3.9600e+01   1.9859e+02   1.5376e+02   -8.1687e+01
3.9700e+01   1.9992e+02   8.9880e+01   -8.7352e+01
3.9800e+01   1.8646e+02   2.7414e+01   -9.2600e+01
3.9900e+01   1.5884e+02   -3.0284e+01   -9.7407e+01
4.0000e+01   1.1849e+02   -8.0080e+01   -1.0175e+02
4.0100e+01   6.7481e+01   -1.1923e+02   -1.0560e+02
4.0200e+01   8.4986e+00   -1.4554e+02   -1.0896e+02
4.0300e+01   -5.5341e+01   -1.5745e+02   -1.1178e+02
4.0400e+01   -1.2063e+02   -1.5417e+02   -1.1408e+02
4.0500e+01   -1.8387e+02   -1.3571e+02   -1.1582e+02
4.0600e+01   -2.4162e+02   -1.0287e+02   -1.1701e+02
4.0700e+01   -2.9071e+02   -5.7212e+01   -1.1764e+02
4.0800e+01   -3.2839e+02   -1.0084e+00   -1.1770e+02
4.0900e+01   -3.5251e+02   6.2902e+01   -1.1719e+02
4.1000e+01   -3.6158e+02   1.3125e+02   -1.1612e+02
4.1100e+01   -3.5493e+02   2.0049e+02   -1.1449e+02
4.1200e+01   -3.3270e+02   2.6701e+02   -1.1231e+02
4.1300e+01   -2.9584e+02   3.2731e+02   -1.0959e+02
4.1400e+01   -2.4609e+02   3.7817e+02   -1.0633e+02
4.1500e+01   -1.8591e+02   4.1686e+02   -1.0256e+02
4.1600e+01   -1.1830e+02   4.4127e+02   -9.8297e+01
4.1700e+01   -4.6683e+01   4.5000e+02   -9.3555e+01
4.1800e+01   2.5261e+01   4.4248e+02   -8.8359e+01
4.1900e+01   9.3816e+01   4.1901e+02   -8.2733e+01
4.2000e+01   1.5541e+02   3.8070e+02   -7.6704e+01
4.2100e+01   2.0680e+02   3.2949e+02   -7.0301e+01
4.2200e+01   2.4526e+02   2.6798e+02   -6.3555e+01
4.2300e+01   2.6873e+02   1.9937e+02   -5.6497e+01
4.2400e+01   2.7592e+02   1.2723e+02   -4.9162e+01
4.2500e+01   2.6639e+02   5.5387e+01   -4.1584e+01
4.2600e+01   2.4056e+02   -1.2353e+01   -3.3800e+01
4.2700e+01   1.9975e+02   -7.2349e+01   -2.5847e+01
4.2800e+01   1.4606e+02   -1.2134e+02   -1.7763e+01
4.2900e+01   8.2290e+01   -1.5663e+02   -9.5872e+00
4.3000e+01   1.1808e+01   -1.7621e+02   -1.3587e+00
4.3100e+01   -6.1641e+01   -1.7888e+02   6.8830e+00
4.3200e+01   -1.3412e+02   -1.6435e+02   1.5098e+01
4.3300e+01   -2.0172e+02   -1.3321e+02   2.3247e+01
4.3400e+01   -2.6073e+02   -8.6945e+01   3.1291e+01
4.3500e+01   -3.0788e+02   -2.7855e+01   3.9190e+01
4.3600e+01   -3.4049e+02   4.1066e+01   4.6908e+01
4.3700e+01   -3.5664e+02   1.1628e+02   5.4405e+01
4.3800e+01   -3.5525e+02   1.9387e+02   6.1647e+01
4.3900e+01   -3.3614e+02   2.6978e+02   6.8598e+01
4.4000e+01   -3.0010e+02   3.3998e+02   7.5224e+01
4.4100e+01   -2.4879e+02   4.0074e+02   8.1493e+01
4.4200e+01   -1.8472e+02   4.4877e+02   8.7375e+01
4.4300e+01   -1.1107e+02   4.8143e+02   9.2841e+01
4.4400e+01   -3.1568e+01   4.9686e+02   9.7865e+01
4.4500e+01   4.9721e+01   4.9411e+02   1.0242e+02
4.4600e+01   1.2860e+02   4.7316e+02   1.0649e+02
4.4700e+01   2.0096e+02   4.3498e+02   1.1005e+02
4.4800e+01   2.6301e+02   3.8142e+02   1.1308e+02
4.4900e+01   3.1146e+02   3.1520e+02   1.1557e+02
4.5000e+01   3.4372e+02   2.3969e+02   1.1750e+02
4.5100e+01   3.5802e+02   1.5881e+02   1.1887e+02
4.5200e+01   3.5353e+02   7.6791e+01   1.1967e+02
4.5300e+01   3.3041e+02   -2.0508e+00   1.1989e+02
4.5400e+01   2.8981e+02   -7.3522e+01   1.1954e+02
4.5500e+01   2.3379e+02   -1.3378e+02   1.1861e+02
4.5600e+01   1.6526e+02   -1.7956e+02   1.1711e+02
4.5700e+01   8.7826e+01   -2.0830e+02   1.1505e+02
4.5800e+01   5.5767e+00   -2.1835e+02   1.1243e+02
4.5900e+01   -7.7101e+01   -2.0902e+02   1.0926e+02
4.6000e+01   -1.5576e+02   -1.8064e+02   1.0557e+02
4.6100e+01   -2.2612e+02   -1.3454e+02   1.0137e+02
4.6200e+01   -2.8432e+02   -7.3029e+01   9.6670e+01
4.6300e+01   -3.2709e+02   7.8454e-01   9.1506e+01
4.6400e+01   -3.5195e+02   8.3093e+01   8.5897e+01
4.6500e+01   -3.5735e+02   1.6961e+02   7.9870e+01
4.6600e+01   -3.4275e+02   2.5580e+02   7.3454e+01
4.6700e+01   -3.0867e+02   3.3707e+02   6.6679e+01
4.6800e+01   -2.5665e+02   4.0910e+02   5.9578e+01
4.6900e+01   -1.8921e+02   4.6796e+02   5.2184e+01
4.7000e+01   -1.0969e+02   5.1044e+02   4.4533e+01
4.7100e+01   -2.2104e+01   5.3411e+02   3.6661e+01
4.7200e+01   6.9072e+01   5.3755e+02   2.8607e+01
4.7300e+01   1.5913e+02   5.2038e+02   2.0409e+01
4.7400e+01   2.4339e+02   4.8331e+02   1.2105e+01
4.7500e+01   3.1742e+02   4.2811e+02   3.7371e+00
4.7600e+01   3.7731e+02   3.5751e+02   -4.6558e+00
4.7700e+01   4.1985e+02   2.7509e+02   -1.3033e+01
4.7800e+01   4.4272e+02   1.8508e+02   -2.1354e+01
4.7900e+01   4.4461e+02   9.2138e+01   -2.9579e+01
4.8000e+01   4.2533e+02   1.1345e+00   -3.7669e+01
4.8100e+01   3.8579e+02   -8.3133e+01   -4.5583e+01
4.8200e+01   3.2798e+02   -1.5618e+02   -5.3284e+01
4.8300e+01   2.5487e+02   -2.1407e+02   -6.0736e+01
4.8400e+01   1.7028e+02   -2.5364e+02   -6.7900e+01
4.8500e+01   7.8637e+01   -2.7268e+02   -7.4744e+01
4.8600e+01   -1.5185e+01   -2.7001e+02   -8.1233e+01
4.8700e+01   -1.0617e+02   -2.4563e+02   -8.7336e+01
4.8800e+01   -1.8942e+02   -2.0066e+02   -9.3024e+01
4.8900e+01   -2.6038e+02   -1.3732e+02   -9.8269e+01
4.9000e+01   -3.1512e+02   -5.8844e+01   -1.0304e+02
4.9100e+01   -3.5054e+02   3.0732e+01   -1.0733e+02
4.9200e+01   -3.6450e+02   1.2674e+02   -1.1110e+02
4.9300e+01   -3.5602e+02   2.2412e+02   -1.1434e+02
4.9400e+01   -3.2527e+02   3.1771e+02   -1.1703e+02
4.9500e+01   -2.7360e+02   4.0250e+02   -1.1916e+02
4.9600e+01   -2.0349e+02   4.7390e+02   -1.2071e+02
4.9700e+01   -1.1840e+02   5.2797e+02   -1.2169e+02
4.9800e+01   -2.2632e+01   5.6167e+02   -1.2209e+02
4.9900e+01   7.8931e+01   5.7300e+02   -1.2189e+02
5.0000e+01   1.8104e+02   5.6113e+02   -1.2111e+02
5.0100e+01   2.7839e+02   5.2645e+02   -1.1974e+02
5.0200e+01   3.6585e+02   4.7054e+02   -1.1780e+02
5.0300e+01   4.3879e+02   3.9613e+02   -1.1529e+02
5.0400e+01   4.9331e+02   3.0694e+02   -1.1222e+02
5.0500e+01   5.2643e+02   2.0753e+02   -1.0861e+02
5.0600e+01   5.3629e+02   1.0300e+02   -1.0447e+02
5.0700e+01   5.2223e+02   -1.2053e+00   -9.9831e+01
5.0800e+01   4.8486e+02   -9.9630e+01   -9.4704e+01
5.0900e+01   4.2601e+02   -1.8707e+02   -8.9116e+01
5.1000e+01   3.4868e+02   -2.5885e+02   -8.3096e+01
5.1100e+01   2.5685e+02   -3.1109e+02   -7.6670e+01
5.1200e+01   1.5533e+02   -3.4091e+02   -6.9870e+01
5.1300e+01   4.9453e+01   -3.4659e+02   -6.2729e+01
5.1400e+01   -5.5155e+01   -3.2767e+02   -5.5279e+01
5.1500e+01   -1.5289e+02   -2.8498e+02   -4.7558e+01
5.1600e+01   -2.3846e+02   -2.2061e+02   -3.9602e+01
5.1700e+01   -3.0718e+02   -1.3784e+02   -3.1448e+01
5.1800e+01   -3.5519e+02   -4.0928e+01   -2.3137e+01
5.1900e+01   -3.7973e+02   6.5077e+01   -1.4707e+01
5.2000e+01   -3.7923e+02   1.7460e+02   -6.2001e+00
5.2100e+01   -3.5342e+02   2.8183e+02   2.3435e+00
5.2200e+01   -3.0339e+02   3.8102e+02   1.0883e+01
5.2300e+01   -2.3152e+02   4.6681e+02   1.9377e+01
5.2400e+01   -1.4133e+02   5.3450e+02   2.7784e+01
5.2500e+01   -3.7393e+01   5.8028e+02   3.6064e+01
5.2600e+01   7.4997e+01   6.0150e+02   4.4177e+01
5.2700e+01   1.9003e+02   5.9675e+02   5.2084e+01
5.2800e+01   3.0171e+02   5.6601e+02   5.9747e+01
5.2900e+01   4.0417e+02   5.1061e+02   6.7128e+01
5.3000e+01   4.9197e+02   4.3320e+02   7.4192e+01
5.3100e+01   5.6039e+02   3.3761e+02   8.0905e+01
5.3200e+01   6.0572e+02   2.2869e+02   8.7234e+01
5.3300e+01   6.2540e+02   1.1199e+02   9.3147e+01
5.3400e+01   6.1824e+02   -6.4286e+00   9.8617e+01
5.3500e+01   5.8442e+02   -1.2040e+02   1.0362e+02
5.3600e+01   5.2555e+02   -2.2393e+02   1.0812e+02
5.3700e+01   4.4459e+02   -3.1152e+02   1.1211e+02
5.3800e+01   3.4566e+02   -3.7847e+02   1.1556e+02
5.3900e+01   2.3389e+02   -4.2111e+02   1.1846e+02
5.4000e+01   1.1511e+02   -4.3707e+02   1.2079e+02
5.4100e+01   -4.3924e+00   -4.2531e+02   1.2254e+02
5.4200e+01   -1.1828e+02   -3.8630e+02   1.2370e+02
5.4300e+01   -2.2043e+02   -3.2191e+02   1.2427e+02
5.4400e+01   -3.0529e+02   -2.3541e+02   1.2424e+02
5.4500e+01   -3.6818e+02   -1.3123e+02   1.2361e+02
5.4600e+01   -4.0555e+02   -1.4789e+01   1.2239e+02
5.4700e+01   -4.1515e+02   1.0779e+02   1.2057e+02
5.4800e+01   -3.9618e+02   2.3003e+02   1.1818e+02
5.4900e+01   -3.4935e+02   3.4538e+02   1.1521e+02
5.5000e+01   -2.7685e+02   4.4762e+02   1.1169e+02
5.5100e+01   -1.8224e+02   5.3117e+02   1.0762e+02
5.5200e+01   -7.0280e+01   5.9137e+02   1.0304e+02
5.5300e+01   5.3298e+01   6.2477e+02   9.7951e+01
5.5400e+01   1.8211e+02   6.2930e+02   9.2390e+01
5.5500e+01   3.0944e+02   6.0439e+02   8.6380e+01
5.5600e+01   4.2859e+02   5.5103e+02   7.9949e+01
5.5700e+01   5.3322e+02   4.7171e+02   7.3129e+01
5.5800e+01   6.1772e+02   3.7032e+02   6.5950e+01
5.5900e+01   6.7748e+02   2.5196e+02   5.8449e+01
5.6000e+01   7.0917e+02   1.2265e+02   5.0660e+01
5.6100e+01   7.1090e+02   -1.0947e+01   4.2621e+01
5.6200e+01   6.8236e+02   -1.4188e+02   3.4371e+01
5.6300e+01   6.2482e+02   -2.6330e+02   2.5948e+01
5.6400e+01   5.4109e+02   -3.6877e+02   1.7394e+01
5.6500e+01   4.3542e+02   -4.5265e+02   8.7492e+00
5.6600e+01   3.1321e+02   -5.1042e+02   5.5357e-02
5.6700e+01   1.8081e+02   -5.3885e+02   -8.6458e+00
5.6800e+01   4.5165e+01   -5.3628e+02   -1.7312e+01
5.6900e+01   -8.6568e+01   -5.0264e+02   -2.5902e+01
5.7000e+01   -2.0736e+02   -4.3951e+02   -3.4375e+01
5.7100e+01   -3.1072e+02   -3.5007e+02   -4.2688e+01
5.7200e+01   -3.9099e+02   -2.3887e+02   -5.0803e+01
5.7300e+01   -4.4371e+02   -1.1169e+02   -5.8680e+01
5.7400e+01   -4.6583e+02   2.4824e+01   -6.6280e+01
5.7500e+01   -4.5589e+02   1.6345e+02   -7.3568e+01
5.7600e+01   -4.1411e+02   2.9681e+02   -8.0507e+01
5.7700e+01   -3.4239e+02   4.1773e+02   -8.7064e+01
5.7800e+01   -2.4425e+02   5.1962e+02   -9.3208e+01
5.7900e+01   -1.2462e+02   5.9687e+02   -9.8908e+01
5.8000e+01   1.0396e+01   6.4509e+02   -1.0414e+02
5.8100e+01   1.5381e+02   6.6139e+02   -1.0887e+02
5.8200e+01   2.9814e+02   6.4457e+02   -1.1308e+02
5.8300e+01   4.3578e+02   5.9513e+02   -1.1675e+02
5.8400e+01   5.5942e+02   5.1532e+02   -1.1986e+02
5.8500e+01   6.6241e+02   4.0901e+02   -1.2239e+02
5.8600e+01   7.3916e+02   2.8150e+02   -1.2434e+02
5.8700e+01   7.8539e+02   1.3927e+02   -1.2570e+02
5.8800e+01   7.9841e+02   -1.0387e+01   -1.2644e+02
5.8900e+01   7.7724e+02   -1.5971e+02   -1.2658e+02
5.9000e+01   7.2272e+02   -3.0088e+02   -1.2611e+02
5.9100e+01   6.3745e+02   -4.2646e+02   -1.2504e+02
5.9200e+01   5.2567e+02   -5.2976e+02   -1.2336e+02
5.9300e+01   3.9307e+02   -6.0521e+02   -1.2108e+02
5.9400e+01   2.4647e+02   -6.4866e+02   -1.1822e+02
5.9500e+01   9.3514e+01   -6.5761e+02   -1.1479e+02
5.9600e+01   -5.7774e+01   -6.3139e+02   -1.1081e+02
5.9700e+01   -1.9938e+02   -5.7114e+02   -1.0628e+02
5.9800e+01   -3.2373e+02   -4.7984e+02   -1.0125e+02
5.9900e+01   -4.2411e+02   -3.6212e+02   -9.5718e+01
6.0000e+01   -4.9499e+02   -2.2405e+02   -8.9723e+01
6.0100e+01   -5.3238e+02   -7.2840e+01   -8.3292e+01
6.0200e+01   -5.3400e+02   8.3559e+01   -7.6454e+01
6.0300e+01   -4.9946e+02   2.3684e+02   -6.9243e+01
6.0400e+01   -4.3026e+02   3.7881e+02   -6.1693e+01
6.0500e+01   -3.2976e+02   5.0176e+02   -5.3840e+01
6.0600e+01   -2.0300e+02   5.9897e+02   -4.5722e+01
6.0700e+01   -5.6454e+01   6.6498e+02   -3.7376e+01
6.0800e+01   1.0231e+02   6.9595e+02   -2.8845e+01
6.0900e+01   2.6500e+02   6.8986e+02   -2.0167e+01
6.1000e+01   4.2305e+02   6.4661e+02   -1.1386e+01
6.1100e+01   5.6806e+02   5.6810e+02   -2.5423e+00
6.1200e+01   6.9225e+02   4.5806e+02   6.3204e+00
6.1300e+01   7.8886e+02   3.2197e+02   1.5160e+01
6.1400e+01   8.5255e+02   1.6669e+02   2.3933e+01
6.1500e+01   8.7964e+02   1.9290e-01   3.2599e+01
6.1600e+01   8.6838e+02   -1.6892e+02   4.1114e+01
6.1700e+01   8.1901e+02   -3.3181e+02   4.9438e+01
6.1800e+01   7.3379e+02   -4.7991e+02   5.7531e+01
6.1900e+01   6.1690e+02   -6.0533e+02   6.5353e+01
6.2000e+01   4.7422e+02   -7.0134e+02   7.2868e+01
6.2100e+01   3.1305e+02   -7.6270e+02   8.0037e+01
6.2200e+01   1.4173e+02   -7.8592e+02   8.6827e+01
6.2300e+01   -3.0795e+01   -7.6955e+02   9.3204e+01
6.2400e+01   -1.9544e+02   -7.1417e+02   9.9138e+01
6.2500e+01   -3.4347e+02   -6.2245e+02   1.0460e+02
6.2600e+01   -4.6691e+02   -4.9901e+02   1.0956e+02
6.2700e+01   -5.5907e+02   -3.5016e+02   1.1400e+02
6.2800e+01   -6.1482e+02   -1.8363e+02   1.1789e+02
6.2900e+01   -6.3091e+02   -8.1482e+00   1.2122e+02
6.3000e+01   -6.0617e+02   1.6702e+02   1.2397e+02
6.3100e+01   -5.4159e+02   3.3253e+02   1.2612e+02
6.3200e+01   -4.4024e+02   4.7948e+02   1.2767e+02
6.3300e+01   -3.0719e+02   5.9986e+02   1.2861e+02
6.3400e+01   -1.4921e+02   6.8699e+02   1.2892e+02
6.3500e+01   2.5536e+01   7.3592e+02   1.2862e+02
6.3600e+01   2.0794e+02   7.4363e+02   1.2770e+02
6.3700e+01   3.8839e+02   7.0929e+02   1.2616e+02
6.3800e+01   5.5732e+02   6.3426e+02   1.2401e+02
6.3900e+01   7.0566e+02   5.2207e+02   1.2127e+02
6.4000e+01   8.2537e+02   3.7826e+02   1.1793e+02
6.4100e+01   9.0984e+02   2.1005e+02   1.1403e+02
6.4200e+01   9.5427e+02   2.6058e+01   1.0958e+02
6.4300e+01   9.5592e+02   -1.6422e+02   1.0459e+02
6.4400e+01   9.1429e+02   -3.5085e+02   9.9099e+01
6.4500e+01   8.3118e+02   -5.2402e+02   9.3124e+01
6.4600e+01   7.1058e+02   -6.7455e+02   8.6697e+01
6.4700e+01   5.5849e+02   -7.9434e+02   7.9847e+01
6.4800e+01   3.8263e+02   -8.7689e+02   7.2607e+01
6.4900e+01   1.9205e+02   -9.1757e+02   6.5012e+01
6.5000e+01   -3.3485e+00   -9.1394e+02   5.7098e+01
6.5100e+01   -1.9332e+02   -8.6588e+02   4.8903e+01
6.5200e+01   -3.6783e+02   -7.7562e+02   4.0466e+01
6.5300e+01   -5.1756e+02   -6.4762e+02   3.1827e+01
6.5400e+01   -6.3443e+02   -4.8840e+02   2.3028e+01
6.5500e+01   -7.1201e+02   -3.0615e+02   1.4111e+01
6.5600e+01   -7.4591e+02   -1.1039e+02   5.1188e+00
6.5700e+01   -7.3399e+02   8.8604e+01   -3.9050e+00
6.5800e+01   -6.7655e+02   2.8026e+02   -1.2917e+01
6.5900e+01   -5.7624e+02   4.5434e+02   -2.1875e+01
6.6000e+01   -4.3806e+02   6.0140e+02   -3.0734e+01
6.6100e+01   -2.6902e+02   7.1337e+02   -3.9452e+01
6.6200e+01   -7.7817e+01   7.8398e+02   -4.7988e+01
6.6300e+01   1.2558e+02   8.0904e+02   -5.6299e+01
6.6400e+01   3.3048e+02   7.8679e+02   -6.4346e+01
6.6500e+01   5.2603e+02   7.1790e+02   -7.2089e+01
6.6600e+01   7.0176e+02   6.0555e+02   -7.9492e+01
6.6700e+01   8.4815e+02   4.5524e+02   -8.6518e+01
6.6800e+01   9.5717e+02   2.7449e+02   -9.3133e+01
6.6900e+01   1.0227e+03   7.2541e+01   -9.9306e+01
6.7000e+01   1.0408e+03   -1.4019e+02   -1.0500e+02
6.7100e+01   1.0100e+03   -3.5263e+02   -1.1020e+02
6.7200e+01   9.3160e+02   -5.5361e+02   -1.1487e+02
6.7300e+01   8.0915e+02   -7.3247e+02   -1.1900e+02
6.7400e+01   6.4870e+02   -8.7963e+02   -1.2255e+02
6.7500e+01   4.5835e+02   -9.8709e+02   -1.2552e+02
6.7600e+01   2.4783e+02   -1.0489e+03   -1.2788e+02
6.7700e+01   2.8029e+01   -1.0614e+03   -1.2963e+02
6.7800e+01   -1.8958e+02   -1.0237e+03   -1.3076e+02
6.7900e+01   -3.9353e+02   -9.3726e+02   -1.3126e+02
6.8000e+01   -5.7300e+02   -8.0634e+02   -1.3113e+02
6.8100e+01   -7.1835e+02   -6.3752e+02   -1.3036e+02
6.8200e+01   -8.2166e+02   -4.3944e+02   -1.2897e+02
6.8300e+01   -8.7717e+02   -2.2237e+02   -1.2696e+02
6.8400e+01   -8.8159e+02   2.3256e+00   -1.2433e+02
6.8500e+01   -8.3430e+02   2.2280e+02   -1.2110e+02
6.8600e+01   -7.3741e+02   4.2730e+02   -1.1729e+02
6.8700e+01   -5.9568e+02   6.0485e+02   -1.1291e+02
6.8800e+01   -4.1626e+02   7.4576e+02   -1.0798e+02
6.8900e+01   -2.0837e+02   8.4221e+02   -1.0253e+02
6.9000e+01   1.7194e+01   8.8869e+02   -9.6584e+01
6.9100e+01   2.4860e+02   8.8223e+02   -9.0165e+01
6.9200e+01   4.7359e+02   8.2268e+02   -8.3307e+01
6.9300e+01   6.8018e+02   7.1265e+02   -7.6043e+01
6.9400e+01   8.5721e+02   5.5749e+02   -6.8407e+01
6.9500e+01   9.9501e+02   3.6493e+02   -6.0435e+01
6.9600e+01   1.0859e+03   1.4479e+02   -5.2166e+01
6.9700e+01   1.1245e+03   -9.1593e+01   -4.3639e+01
6.9800e+01   1.1084e+03   -3.3192e+02   -3.4895e+01
6.9900e+01   1.0378e+03   -5.6357e+02   -2.5977e+01
7.0000e+01   9.1590e+02   -7.7427e+02   -1.6926e+01
7.0100e+01   7.4864e+02   -9.5275e+02   -7.7862e+00
7.0200e+01   5.4437e+02   -1.0893e+03   1.3982e+00
7.0300e+01   3.1349e+02   -1.1765e+03   1.0583e+01
7.0400e+01   6.7903e+01   -1.2092e+03   1.9725e+01
7.0500e+01   -1.7963e+02   -1.1854e+03   2.8779e+01
7.0600e+01   -4.1611e+02   -1.1057e+03   3.7701e+01
7.0700e+01   -6.2902e+02   -9.7404e+02   4.6449e+01
7.0800e+01   -8.0699e+02   -7.9687e+02   5.4981e+01
7.0900e+01   -9.4038e+02   -5.8322e+02   6.3255e+01
7.1000e+01   -1.0218e+03   -3.4408e+02   7.1231e+01
7.1100e+01   -1.0466e+03   -9.1906e+01   7.8870e+01
7.1200e+01   -1.0131e+03   1.6006e+02   8.6136e+01
7.1300e+01   -9.2255e+02   3.9847e+02   9.2993e+01
7.1400e+01   -7.7935e+02   6.1057e+02   9.9408e+01
7.1500e+01   -5.9066e+02   7.8489e+02   1.0535e+02
7.1600e+01   -3.6616e+02   9.1188e+02   1.1079e+02
7.1700e+01   -1.1746e+02   9.8436e+02   1.1570e+02
7.1800e+01   1.4244e+02   9.9800e+02   1.2006e+02
7.1900e+01   3.9981e+02   9.5155e+02   1.2384e+02
7.2000e+01   6.4097e+02   8.4689e+02   1.2703e+02
7.2100e+01   8.5294e+02   6.8903e+02   1.2961e+02
7.2200e+01   1.0242e+03   4.8581e+02   1.3157e+02
7.2300e+01   1.1453e+03   2.4755e+02   1.3290e+02
7.2400e+01   1.2092e+03   -1.3497e+01   1.3358e+02
7.2500e+01   1.2121e+03   -2.8376e+02   1.3363e+02
7.2600e+01   1.1531e+03   -5.4907e+02   1.3303e+02
7.2700e+01   1.0348e+03   -7.9537e+02   1.3179e+02
7.2800e+01   8.6282e+02   -1.0095e+03   1.2992e+02
7.2900e+01   6.4567e+02   -1.1799e+03   1.2742e+02
7.3000e+01   3.9436e+02   -1.2973e+03   1.2430e+02
7.3100e+01   1.2179e+02   -1.3549e+03   1.2059e+02
7.3200e+01   -1.5790e+02   -1.3491e+03   1.1629e+02
7.3300e+01   -4.3008e+02   -1.2799e+03   1.1142e+02
7.3400e+01   -6.8039e+02   -1.1503e+03   1.0602e+02
7.3500e+01   -8.9549e+02   -9.6659e+02   1.0010e+02
7.3600e+01   -1.0638e+03   -7.3807e+02   9.3696e+01
7.3700e+01   -1.1761e+03   -4.7643e+02   8.6835e+01
7.3800e+01   -1.2260e+03   -1.9521e+02   7.9550e+01
7.3900e+01   -1.2105e+03   9.0888e+01   7.1877e+01
7.4000e+01   -1.1298e+03   3.6678e+02   6.3851e+01
7.4100e+01   -9.8781e+02   6.1778e+02   5.5511e+01
7.4200e+01   -7.9149e+02   8.3041e+02   4.6898e+01
7.4300e+01   -5.5085e+02   9.9309e+02   3.8052e+01
7.4400e+01   -2.7830e+02   1.0968e+03   2.9015e+01
7.4500e+01   1.1964e+01   1.1355e+03   1.9832e+01
7.4600e+01   3.0467e+02   1.1066e+03   1.0546e+01
7.4700e+01   5.8429e+02   1.0110e+03   1.2017e+00
7.4800e+01   8.3586e+02   8.5315e+02   -8.1559e+00
7.4900e+01   1.0458e+03   6.4091e+02   -1.7482e+01
7.5000e+01   1.2024e+03   3.8498e+02   -2.6731e+01
7.5100e+01   1.2971e+03   9.8498e+01   -3.5859e+01
7.5200e+01   1.3241e+03   -2.0367e+02   -4.4822e+01
7.5300e+01   1.2813e+03   -5.0569e+02   -5.3576e+01
7.5400e+01   1.1703e+03   -7.9162e+02   -6.2079e+01
7.5500e+01   9.9630e+02   -1.0462e+03   -7.0290e+01
7.5600e+01   7.6784e+02   -1.2557e+03   -7.8169e+01
7.5700e+01   4.9645e+02   -1.4086e+03   -8.5679e+01
7.5800e+01   1.9598e+02   -1.4964e+03   -9.2782e+01
7.5900e+01   -1.1801e+02   -1.5139e+03   -9.9444e+01
7.6000e+01   -4.2913e+02   -1.4595e+03   -1.0563e+02
7.6100e+01   -7.2102e+02   -1.3355e+03   -1.1132e+02
7.6200e+01   -9.7815e+02   -1.1477e+03   -1.1647e+02
7.6300e+01   -1.1867e+03   -9.0561e+02   -1.2107e+02
7.6400e+01   -1.3354e+03   -6.2145e+02   -1.2509e+02
7.6500e+01   -1.4158e+03   -3.0989e+02   -1.2851e+02
7.6600e+01   -1.4233e+03   1.2879e+01   -1.3131e+02
7.6700e+01   -1.3569e+03   3.2990e+02   -1.3348e+02
7.6800e+01   -1.2194e+03   6.2440e+02   -1.3502e+02
7.6900e+01   -1.0177e+03   8.8062e+02   -1.3590e+02
7.7000e+01   -7.6193e+02   1.0847e+03   -1.3613e+02
7.7100e+01   -4.6520e+02   1.2254e+03   -1.3571e+02
7.7200e+01   -1.4291e+02   1.2949e+03   -1.3463e+02
7.7300e+01   1.8805e+02   1.2887e+03   -1.3290e+02
7.7400e+01   5.1019e+02   1.2066e+03   -1.3053e+02
7.7500e+01   8.0633e+02   1.0522e+03   -1.2753e+02
7.7600e+01   1.0605e+03   8.3321e+02   -1.2392e+02
7.7700e+01   1.2589e+03   5.6054e+02   -1.1970e+02
7.7800e+01   1.3903e+03   2.4818e+02   -1.1491e+02
7.7900e+01   1.4473e+03   -8.7698e+01   -1.0956e+02
7.8000e+01   1.4260e+03   -4.2953e+02   -1.0368e+02
7.8100e+01   1.3269e+03   -7.5928e+02   -9.7290e+01
7.8200e+01   1.1544e+03   -1.0594e+03   -9.0430e+01
7.8300e+01   9.1683e+02   -1.3137e+03   -8.3129e+01
7.8400e+01   6.2619e+02   -1.5084e+03   -7.5423e+01
7.8500e+01   2.9727e+02   -1.6327e+03   -6.7347e+01
7.8600e+01   -5.2978e+01   -1.6792e+03   -5.8940e+01
7.8700e+01   -4.0631e+02   -1.6449e+03   -5.0243e+01
7.8800e+01   -7.4415e+02   -1.5308e+03   -4.1297e+01
7.8900e+01   -1.0486e+03   -1.3423e+03   -3.2145e+01
7.9000e+01   -1.3034e+03   -1.0885e+03   -2.2831e+01
7.9100e+01   -1.4946e+03   -7.8238e+02   -1.3400e+01
7.9200e+01   -1.6118e+03   -4.3953e+02   -3.8962e+00
7.9300e+01   -1.6481e+03   -7.7732e+01   5.6336e+00
7.9400e+01   -1.6010e+03   2.8410e+02   1.5144e+01
7.9500e+01   -1.4723e+03   6.2688e+02   2.4589e+01
7.9600e+01   -1.2683e+03   9.3237e+02   3.3923e+01
7.9700e+01   -9.9899e+02   1.1841e+03   4.3102e+01
7.9800e+01   -6.7822e+02   1.3685e+03   5.2080e+01
7.9900e+01   -3.2255e+02   1.4750e+03   6.0815e+01
8.0000e+01   4.9474e+01   1.4976e+03   6.9264e+01
8.0100e+01   4.1826e+02   1.4342e+03   7.7386e+01
8.0200e+01   7.6422e+02   1.2876e+03   8.5143e+01
8.0300e+01   1.0688e+03   1.0648e+03   9.2495e+01
8.0400e+01   1.3155e+03   7.7693e+02   9.9409e+01
8.0500e+01   1.4907e+03   4.3869e+02   1.0585e+02
8.0600e+01   1.5844e+03   6.7544e+01   1.1179e+02
8.0700e+01   1.5909e+03   -3.1713e+02   1.1719e+02
8.0800e+01   1.5090e+03   -6.9509e+02   1.2203e+02
8.0900e+01   1.3423e+03   -1.0462e+03   1.2629e+02
8.1000e+01   1.0986e+03   -1.3518e+03   1.2994e+02
8.1100e+01   7.9022e+02   -1.5951e+03   1.3298e+02
8.1200e+01   4.3271e+02   -1.7627e+03   1.3537e+02
8.1300e+01   4.4500e+01   -1.8452e+03   1.3712e+02
8.1400e+01   -3.5425e+02   -1.8372e+03   1.3820e+02
8.1500e+01   -7.4261e+02   -1.7384e+03   1.3862e+02
8.1600e+01   -1.1001e+03   -1.5532e+03   1.3838e+02
8.1700e+01   -1.4075e+03   -1.2906e+03   1.3747e+02
8.1800e+01   -1.6483e+03   -9.6361e+02   1.3589e+02
8.1900e+01   -1.8092e+03   -5.8901e+02   1.3366e+02
8.2000e+01   -1.8812e+03   -1.8609e+02   1.3079e+02
8.2100e+01   -1.8596e+03   2.2417e+02   1.2728e+02
8.2200e+01   -1.7449e+03   6.2021e+02   1.2316e+02
8.2300e+01   -1.5423e+03   9.8104e+02   1.1844e+02
8.2400e+01   -1.2619e+03   1.2873e+03   1.1315e+02
8.2500e+01   -9.1789e+02   1.5225e+03   1.0731e+02
8.2600e+01   -5.2791e+02   1.6735e+03   1.0095e+02
8.2700e+01   -1.1224e+02   1.7318e+03   9.4092e+01
8.2800e+01   3.0733e+02   1.6935e+03   8.6780e+01
8.2900e+01   7.0861e+02   1.5597e+03   7.9045e+01
8.3000e+01   1.0702e+03   1.3369e+03   7.0922e+01
8.3100e+01   1.3725e+03   1.0361e+03   6.2452e+01
8.3200e+01   1.5991e+03   6.7255e+02   5.3675e+01
8.3300e+01   1.7372e+03   2.6494e+02   4.4631e+01
8.3400e+01   1.7787e+03   -1.6547e+02   3.5366e+01
8.3500e+01   1.7206e+03   -5.9610e+02   2.5924e+01
8.3600e+01   1.5649e+03   -1.0041e+03   1.6348e+01
8.3700e+01   1.3190e+03   -1.3677e+03   6.6869e+00
8.3800e+01   9.9502e+02   -1.6672e+03   -3.0146e+00
8.3900e+01   6.0938e+02   -1.8862e+03   -1.2709e+01
8.4000e+01   1.8184e+02   -2.0123e+03   -2.2351e+01
8.4100e+01   -2.6542e+02   -2.0380e+03   -3.1892e+01
8.4200e+01   -7.0899e+02   -1.9610e+03   -4.1288e+01
8.4300e+01   -1.1255e+03   -1.7843e+03   -5.0492e+01
8.4400e+01   -1.4926e+03   -1.5164e+03   -5.9461e+01
8.4500e+01   -1.7907e+03   -1.1706e+03   -6.8151e+01
8.4600e+01   -2.0034e+03   -7.6442e+02   -7.6519e+01
8.4700e+01   -2.1188e+03   -3.1865e+02   -8.4526e+01
8.4800e+01   -2.1299e+03   1.4353e+02   -9.2132e+01
8.4900e+01   -2.0354e+03   5.9792e+02   -9.9301e+01
8.5000e+01   -1.8393e+03   1.0205e+03   -1.0600e+02
8.5100e+01   -1.5512e+03   1.3888e+03   -1.1219e+02
8.5200e+01   -1.1854e+03   1.6828e+03   -1.1785e+02
8.5300e+01   -7.6079e+02   1.8866e+03   -1.2294e+02
8.5400e+01   -2.9921e+02   1.9885e+03   -1.2745e+02
8.5500e+01   1.7521e+02   1.9825e+03   -1.3134e+02
8.5600e+01   6.3747e+02   1.8679e+03   -1.3461e+02
8.5700e+01   1.0630e+03   1.6500e+03   -1.3723e+02
8.5800e+01   1.4290e+03   1.3394e+03   -1.3920e+02
8.5900e+01   1.7155e+03   9.5176e+02   -1.4049e+02
8.6000e+01   1.9066e+03   5.0701e+02   -1.4111e+02
8.6100e+01   1.9915e+03   2.8205e+01   -1.4105e+02
8.6200e+01   1.9646e+03   -4.5957e+02   -1.4031e+02
8.6300e+01   1.8264e+03   -9.3055e+02   -1.3890e+02
8.6400e+01   1.5831e+03   -1.3596e+03   -1.3681e+02
8.6500e+01   1.2467e+03   -1.7237e+03   -1.3407e+02
8.6600e+01   8.3408e+02   -2.0029e+03   -1.3068e+02
8.6700e+01   3.6635e+02   -2.1816e+03   -1.2665e+02
8.6800e+01   -1.3230e+02   -2.2494e+03   -1.2202e+02
8.6900e+01   -6.3580e+02   -2.2017e+03   -1.1679e+02
8.7000e+01   -1.1176e+03   -2.0400e+03   -1.1100e+02
8.7100e+01   -1.5522e+03   -1.7717e+03   -1.0466e+02
8.7200e+01   -1.9161e+03   -1.4099e+03   -9.7821e+01
8.7300e+01   -2.1896e+03   -9.7293e+02   -9.0503e+01
8.7400e+01   -2.3574e+03   -4.8309e+02   -8.2743e+01
8.7500e+01   -2.4097e+03   3.4267e+01   -7.4579e+01
8.7600e+01   -2.3429e+03   5.5214e+02   -6.6049e+01
8.7700e+01   -2.1594e+03   1.0432e+03   -5.7194e+01
8.7800e+01   -1.8679e+03   1.4815e+03   -4.8057e+01
8.7900e+01   -1.4829e+03   1.8433e+03   -3.8681e+01
8.8000e+01   -1.0240e+03   2.1091e+03   -2.9111e+01
8.8100e+01   -5.1474e+02   2.2639e+03   -1.9394e+01
8.8200e+01   1.8376e+01   2.2987e+03   -9.5752e+00
8.8300e+01   5.4737e+02   2.2108e+03   2.9729e-01
8.8400e+01   1.0442e+03   2.0037e+03   1.0176e+01
8.8500e+01   1.4824e+03   1.6875e+03   2.0014e+01
8.8600e+01   1.8383e+03   1.2780e+03   2.9764e+01
8.8700e+01   2.0922e+03   7.9604e+02   3.9378e+01
8.8800e+01   2.2299e+03   2.6660e+02   4.8810e+01
8.8900e+01   2.2431e+03   -2.8269e+02   5.8015e+01
8.9000e+01   2.1300e+03   -8.2291e+02   6.6947e+01
8.9100e+01   1.8955e+03   -1.3253e+03   7.5565e+01
8.9200e+01   1.5508e+03   -1.7631e+03   8.3826e+01
8.9300e+01   1.1132e+03   -2.1122e+03   9.1690e+01
8.9400e+01   6.0502e+02   -2.3536e+03   9.9119e+01
8.9500e+01   5.2463e+01   -2.4734e+03   1.0608e+02
8.9600e+01   -5.1566e+02   -2.4641e+03   1.1253e+02
8.9700e+01   -1.0695e+03   -2.3250e+03   1.1845e+02
8.9800e+01   -1.5796e+03   -2.0622e+03   1.2380e+02
8.9900e+01   -2.0187e+03   -1.6885e+03   1.2856e+02
9.0000e+01   -2.3630e+03   -1.2226e+03   1.3270e+02
9.0100e+01   -2.5934e+03   -6.8809e+02   1.3621e+02
9.0200e+01   -2.6968e+03   -1.1264e+02   1.3906e+02
9.0300e+01   -2.6666e+03   4.7381e+02   1.4125e+02
9.0400e+01   -2.5032e+03   1.0405e+03   1.4276e+02
9.0500e+01   -2.2142e+03   1.5573e+03   1.4359e+02
9.0600e+01   -1.8136e+03   1.9966e+03   1.4372e+02
9.0700e+01   -1.3216e+03   2.3347e+03   1.4316e+02
9.0800e+01   -7.6353e+02   2.5528e+03   1.4192e+02
9.0900e+01   -1.6818e+02   2.6384e+03   1.3998e+02
9.1000e+01   4.3330e+02   2.5860e+03   1.3738e+02
9.1100e+01   1.0092e+03   2.3972e+03   1.3411e+02
9.1200e+01   1.5288e+03   2.0809e+03   1.3019e+02
9.1300e+01   1.9643e+03   1.6527e+03   1.2564e+02
9.1400e+01   2.2919e+03   1.1344e+03   1.2048e+02
9.1500e+01   2.4933e+03   5.5260e+02   1.1474e+02
9.1600e+01   2.5568e+03   -6.2335e+01   1.0844e+02
9.1700e+01   2.4779e+03   -6.7817e+02   1.0162e+02
9.1800e+01   2.2596e+03   -1.2623e+03   9.4298e+01
9.1900e+01   1.9120e+03   -1.7835e+03   8.6518e+01
9.2000e+01   1.4525e+03   -2.2135e+03   7.8316e+01
9.2100e+01   9.0443e+02   -2.5289e+03   6.9730e+01
9.2200e+01   2.9594e+02   -2.7118e+03   6.0801e+01
9.2300e+01   -3.4131e+02   -2.7513e+03   5.1573e+01
9.2400e+01   -9.7390e+02   -2.6441e+03   4.2089e+01
9.2500e+01   -1.5683e+03   -2.3944e+03   3.2395e+01
9.2600e+01   -2.0928e+03   -2.0141e+03   2.2537e+01
9.2700e+01   -2.5191e+03   -1.5220e+03   1.2563e+01
9.2800e+01   -2.8237e+03   -9.4310e+02   2.5201e+00
9.2900e+01   -2.9895e+03   -3.0717e+02   -7.5429e+00
9.3000e+01   -3.0064e+03   3.5281e+02   -1.7578e+01
9.3100e+01   -2.8723e+03   1.0022e+03   -2.7536e+01
9.3200e+01   -2.5928e+03   1.6068e+03   -3.7369e+01
9.3300e+01   -2.1816e+03   2.1342e+03   -4.7031e+01
9.3400e+01   -1.6590e+03   2.5561e+03   -5.6474e+01
9.3500e+01   -1.0517e+03   2.8492e+03   -6.5652e+01
9.3600e+01   -3.9111e+02   2.9971e+03   -7.4522e+01
9.3700e+01   2.8847e+02   2.9907e+03   -8.3040e+01
9.3800e+01   9.5131e+02   2.8292e+03   -9.1166e+01
9.3900e+01   1.5623e+03   2.5197e+03   -9.8859e+01
9.4000e+01   2.0886e+03   2.0774e+03   -1.0608e+02
9.4100e+01   2.5019e+03   1.5245e+03   -1.1280e+02
9.4200e+01   2.7792e+03   8.8954e+02   -1.1898e+02
9.4300e+01   2.9048e+03   2.0524e+02   -1.2459e+02
9.4400e+01   2.8708e+03   -4.9254e+02   -1.2961e+02
9.4500e+01   2.6777e+03   -1.1670e+03   -1.3401e+02
9.4600e+01   2.3341e+03   -1.7822e+03   -1.3777e+02
9.4700e+01   1.8571e+03   -2.3050e+03   -1.4086e+02
9.4800e+01   1.2707e+03   -2.7070e+03   -1.4328e+02
9.4900e+01   6.0491e+02   -2.9658e+03   -1.4502e+02
9.5000e+01   -1.0567e+02   -3.0663e+03   -1.4605e+02
9.5100e+01   -8.2387e+02   -3.0018e+03   -1.4639e+02
9.5200e+01   -1.5118e+03   -2.7743e+03   -1.4601e+02
9.5300e+01   -2.1327e+03   -2.3941e+03   -1.4494e+02
9.5400e+01   -2.6533e+03   -1.8801e+03   -1.4317e+02
9.5500e+01   -3.0451e+03   -1.2581e+03   -1.4071e+02
9.5600e+01   -3.2861e+03   -5.5994e+02   -1.3756e+02
9.5700e+01   -3.3625e+03   1.7819e+02   -1.3376e+02
9.5800e+01   -3.2685e+03   9.1773e+02   -1.2930e+02
9.5900e+01   -3.0076e+03   1.6197e+03   -1.2422e+02
9.6000e+01   -2.5922e+03   2.2467e+03   -1.1854e+02
9.6100e+01   -2.0427e+03   2.7651e+03   -1.1228e+02
9.6200e+01   -1.3870e+03   3.1465e+03   -1.0548e+02
9.6300e+01   -6.5874e+02   3.3697e+03   -9.8164e+01
9.6400e+01   1.0428e+02   3.4217e+03   -9.0369e+01
9.6500e+01   8.6211e+02   3.2981e+03   -8.2134e+01
9.6600e+01   1.5747e+03   3.0041e+03   -7.3496e+01
9.6700e+01   2.2041e+03   2.5538e+03   -6.4498e+01
9.6800e+01   2.7163e+03   1.9697e+03   -5.5182e+01
9.6900e+01   3.0834e+03   1.2815e+03   -4.5592e+01
9.7000e+01   3.2846e+03   5.2472e+02   -3.5776e+01
9.7100e+01   3.3080e+03   -2.6116e+02   -2.5780e+01
9.7200e+01   3.1509e+03   -1.0348e+03   -1.5651e+01
9.7300e+01   2.8200e+03   -1.7552e+03   -5.4391e+00
9.7400e+01   2.3313e+03   -2.3837e+03   4.8073e+00
9.7500e+01   1.7093e+03   -2.8863e+03   1.5039e+01
9.7600e+01   9.8586e+02   -3.2353e+03   2.5206e+01
9.7700e+01   1.9829e+02   -3.4108e+03   3.5260e+01
9.7800e+01   -6.1229e+02   -3.4019e+03   4.5153e+01
9.7900e+01   -1.4032e+03   -3.2075e+03   5.4836e+01
9.8000e+01   -2.1324e+03   -2.8362e+03   6.4262e+01
9.8100e+01   -2.7608e+03   -2.3059e+03   7.3387e+01
9.8200e+01   -3.2542e+03   -1.6433e+03   8.2166e+01
9.8300e+01   -3.5853e+03   -8.8206e+02   9.0557e+01
9.8400e+01   -3.7352e+03   -6.1608e+01   9.8518e+01
9.8500e+01   -3.6942e+03   7.7533e+02   1.0601e+02
9.8600e+01   -3.4629e+03   1.5847e+03   1.1300e+02
9.8700e+01   -3.0516e+03   2.3237e+03   1.1945e+02
9.8800e+01   -2.4806e+03   2.9525e+03   1.2533e+02
9.8900e+01   -1.7784e+03   3.4371e+03   1.3061e+02
9.9000e+01   -9.8106e+02   3.7506e+03   1.3527e+02
9.9100e+01   -1.2972e+02   3.8752e+03   1.3928e+02
9.9200e+01   7.3116e+02   3.8024e+03   1.4263e+02
9.9300e+01   1.5562e+03   3.5346e+03   1.4529e+02
9.9400e+01   2.3017e+03   3.0843e+03   1.4725e+02
9.9500e+01   2.9275e+03   2.4736e+03   1.4850e+02
9.9600e+01   3.3996e+03   1.7335e+03   1.4904e+02
9.9700e+01   3.6918e+03   9.0198e+02   1.4887e+02
9.9800e+01   3.7872e+03   2.2261e+01   1.4797e+02
9.9900e+01   3.6790e+03   -8.5957e+02   1.4637e+02
