0.0000e+00   1.0000e+02   0.0000e+00   1.0000e+02
1.0000e-01   1.0000e+02   1.0000e+01   1.0000e+02
2.0000e-01   1.0265e+02   2.0000e+01   9.9518e+01
3.0000e-01   1.0795e+02   2.9386e+01   9.8555e+01
4.0000e-01   1.1575e+02   3.7545e+01   9.7113e+01
5.0000e-01   1.2578e+02   4.3896e+01   9.5196e+01
6.0000e-01   1.3762e+02   4.7922e+01   9.2811e+01
7.0000e-01   1.5072e+02   4.9204e+01   8.9968e+01
8.0000e-01   1.6447e+02   4.7445e+01   8.6678e+01
9.0000e-01   1.7816e+02   4.2494e+01   8.2955e+01
1.0000e+00   1.9105e+02   3.4362e+01   7.8814e+01
1.1000e+00   2.0242e+02   2.3227e+01   7.4274e+01
1.2000e+00   2.1156e+02   9.4392e+00   6.9355e+01
1.3000e+00   2.1787e+02   -6.4939e+00   6.4077e+01
1.4000e+00   2.2085e+02   -2.3924e+01   5.8466e+01
1.5000e+00   2.2016e+02   -4.2087e+01   5.2546e+01
1.6000e+00   2.1563e+02   -6.0142e+01   4.6345e+01
1.7000e+00   2.0728e+02   -7.7207e+01   3.9890e+01
1.8000e+00   1.9534e+02   -9.2408e+01   3.3212e+01
1.9000e+00   1.8025e+02   -1.0492e+02   2.6343e+01
2.0000e+00   1.6260e+02   -1.1402e+02   1.9313e+01
2.1000e+00   1.4321e+02   -1.1912e+02   1.2156e+01
2.2000e+00   1.2297e+02   -1.1983e+02   4.9068e+00
2.3000e+00   1.0291e+02   -1.1595e+02   -2.4013e+00
2.4000e+00   8.4080e+01   -1.0753e+02   -9.7331e+00
2.5000e+00   6.7524e+01   -9.4856e+01   -1.7053e+01
2.6000e+00   5.4223e+01   -7.8454e+01   -2.4327e+01
2.7000e+00   4.5033e+01   -5.9078e+01   -3.1518e+01
2.8000e+00   4.0640e+01   -3.7678e+01   -3.8592e+01
2.9000e+00   4.1507e+01   -1.5362e+01   -4.5514e+01
3.0000e+00   4.7846e+01   6.6543e+00   -5.2250e+01
3.1000e+00   5.9586e+01   2.7107e+01   -5.8768e+01
3.2000e+00   7.6365e+01   4.4750e+01   -6.5033e+01
3.3000e+00   9.7536e+01   5.8417e+01   -7.1016e+01
3.4000e+00   1.2218e+02   6.7094e+01   -7.6685e+01
3.5000e+00   1.4915e+02   6.9979e+01   -8.2013e+01
3.6000e+00   1.7711e+02   6.6530e+01   -8.6971e+01
3.7000e+00   2.0460e+02   5.6519e+01   -9.1534e+01
3.8000e+00   2.3010e+02   4.0049e+01   -9.5679e+01
3.9000e+00   2.5213e+02   1.7575e+01   -9.9382e+01
4.0000e+00   2.6930e+02   -1.0108e+01   -1.0263e+02
4.1000e+00   2.8042e+02   -4.1883e+01   -1.0539e+02
4.2000e+00   2.8453e+02   -7.6358e+01   -1.0766e+02
4.3000e+00   2.8102e+02   -1.1192e+02   -1.0942e+02
4.4000e+00   2.6962e+02   -1.4683e+02   -1.1067e+02
4.5000e+00   2.5050e+02   -1.7926e+02   -1.1138e+02
4.6000e+00   2.2423e+02   -2.0744e+02   -1.1157e+02
4.7000e+00   1.9176e+02   -2.2972e+02   -1.1122e+02
4.8000e+00   1.5448e+02   -2.4469e+02   -1.1033e+02
4.9000e+00   1.1405e+02   -2.5124e+02   -1.0890e+02
5.0000e+00   7.2414e+01   -2.4863e+02   -1.0694e+02
5.1000e+00   3.1682e+01   -2.3661e+02   -1.0446e+02
5.2000e+00   -5.9811e+00   -2.1538e+02   -1.0147e+02
5.3000e+00   -3.8456e+01   -1.8565e+02   -9.7970e+01
5.4000e+00   -6.3787e+01   -1.4862e+02   -9.3982e+01
5.5000e+00   -8.0294e+01   -1.0594e+02   -8.9523e+01
5.6000e+00   -8.6678e+01   -5.9640e+01   -8.4612e+01
5.7000e+00   -8.2107e+01   -1.2059e+01   -7.9269e+01
5.8000e+00   -6.6288e+01   3.4278e+01   -7.3518e+01
5.9000e+00   -3.9510e+01   7.6777e+01   -6.7386e+01
6.0000e+00   -2.6591e+00   1.1291e+02   -6.0900e+01
6.1000e+00   4.2797e+01   1.4036e+02   -5.4090e+01
6.2000e+00   9.4856e+01   1.5713e+02   -4.6986e+01
6.3000e+00   1.5106e+02   1.6171e+02   -3.9622e+01
6.4000e+00   2.0859e+02   1.5313e+02   -3.2031e+01
6.5000e+00   2.6442e+02   1.3109e+02   -2.4250e+01
6.6000e+00   3.1544e+02   9.5973e+01   -1.6314e+01
6.7000e+00   3.5864e+02   4.8889e+01   -8.2616e+00
6.8000e+00   3.9127e+02   -8.3675e+00   -1.3064e-01
6.9000e+00   4.1098e+02   -7.3362e+01   8.0401e+00
7.0000e+00   4.1598e+02   -1.4312e+02   1.6211e+01
7.1000e+00   4.0517e+02   -2.1426e+02   2.4344e+01
7.2000e+00   3.7823e+02   -2.8314e+02   3.2399e+01
7.3000e+00   3.3569e+02   -3.4606e+02   4.0336e+01
7.4000e+00   2.7890e+02   -3.9941e+02   4.8117e+01
7.5000e+00   2.1008e+02   -4.3992e+02   5.5705e+01
7.6000e+00   1.3218e+02   -4.6482e+02   6.3060e+01
7.7000e+00   4.8785e+01   -4.7202e+02   7.0147e+01
7.8000e+00   -3.6024e+01   -4.6026e+02   7.6931e+01
7.9000e+00   -1.1788e+02   -4.2922e+02   8.3376e+01
8.0000e+00   -1.9236e+02   -3.7958e+02   8.9451e+01
8.1000e+00   -2.5516e+02   -3.1304e+02   9.5125e+01
8.2000e+00   -3.0241e+02   -2.3229e+02   1.0037e+02
8.3000e+00   -3.3083e+02   -1.4091e+02   1.0515e+02
8.4000e+00   -3.3797e+02   -4.3260e+01   1.0945e+02
8.5000e+00   -3.2240e+02   5.5776e+01   1.1325e+02
8.6000e+00   -2.8379e+02   1.5096e+02   1.1652e+02
8.7000e+00   -2.2305e+02   2.3698e+02   1.1924e+02
8.8000e+00   -1.4227e+02   3.0874e+02   1.2140e+02
8.9000e+00   -4.4756e+01   3.6162e+02   1.2299e+02
9.0000e+00   6.5150e+01   3.9176e+02   1.2399e+02
9.1000e+00   1.8221e+02   3.9631e+02   1.2440e+02
9.2000e+00   3.0051e+02   3.7362e+02   1.2422e+02
9.3000e+00   4.1380e+02   3.2340e+02   1.2343e+02
9.4000e+00   5.1571e+02   2.4680e+02   1.2205e+02
9.5000e+00   6.0018e+02   1.4644e+02   1.2007e+02
9.6000e+00   6.6172e+02   2.6332e+01   1.1750e+02
9.7000e+00   6.9579e+02   -1.0824e+02   1.1436e+02
9.8000e+00   6.9906e+02   -2.5095e+02   1.1065e+02
9.9000e+00   6.6963e+02   -3.9470e+02   1.0639e+02
1.0000e+01   6.0728e+02   -5.3198e+02   1.0159e+02
1.0100e+01   5.1348e+02   -6.5519e+02   9.6287e+01
1.0200e+01   3.9148e+02   -7.5710e+02   9.0492e+01
1.0300e+01   2.4618e+02   -8.3121e+02   8.4233e+01
1.0400e+01   8.3974e+01   -8.7216e+02   7.7539e+01
1.0500e+01   -8.7497e+01   -8.7605e+02   7.0439e+01
1.0600e+01   -2.5970e+02   -8.4076e+02   6.2965e+01
1.0700e+01   -4.2362e+02   -7.6611e+02   5.5152e+01
1.0800e+01   -5.7019e+02   -6.5402e+02   4.7036e+01
1.0900e+01   -6.9079e+02   -5.0848e+02   3.8655e+01
1.1000e+01   -7.7772e+02   -3.3548e+02   3.0046e+01
1.1100e+01   -8.2466e+02   -1.4277e+02   2.1252e+01
1.1200e+01   -8.2707e+02   6.0431e+01   1.2313e+01
1.1300e+01   -7.8254e+02   2.6387e+02   3.2719e+00
1.1400e+01   -6.9102e+02   4.5673e+02   -5.8287e+00
1.1500e+01   -5.5494e+02   6.2820e+02   -1.4945e+01
1.1600e+01   -3.7925e+02   7.6799e+02   -2.4033e+01
1.1700e+01   -1.7122e+02   8.6700e+02   -3.3050e+01
1.1800e+01   5.9724e+01   9.1776e+02   -4.1950e+01
1.1900e+01   3.0248e+02   9.1501e+02   -5.0692e+01
1.2000e+01   5.4472e+02   8.5601e+02   -5.9231e+01
1.2100e+01   7.7348e+02   7.4089e+02   -6.7527e+01
1.2200e+01   9.7584e+02   5.7276e+02   -7.5537e+01
1.2300e+01   1.1396e+03   3.5768e+02   -8.3221e+01
1.2400e+01   1.2539e+03   1.0455e+02   -9.0543e+01
1.2500e+01   1.3100e+03   -1.7523e+02   -9.7463e+01
1.2600e+01   1.3017e+03   -4.6827e+02   -1.0395e+02
1.2700e+01   1.2261e+03   -7.5974e+02   -1.0996e+02
1.2800e+01   1.0833e+03   -1.0341e+03   -1.1548e+02
1.2900e+01   8.7753e+02   -1.2760e+03   -1.2046e+02
1.3000e+01   6.1609e+02   -1.4708e+03   -1.2489e+02
1.3100e+01   3.0986e+02   -1.6057e+03   -1.2874e+02
1.3200e+01   -2.7371e+01   -1.6704e+03   -1.3199e+02
1.3300e+01   -3.7944e+02   -1.6578e+03   -1.3461e+02
1.3400e+01   -7.2853e+02   -1.5644e+03   -1.3661e+02
1.3500e+01   -1.0561e+03   -1.3910e+03   -1.3795e+02
1.3600e+01   -1.3436e+03   -1.1424e+03   -1.3863e+02
1.3700e+01   -1.5738e+03   -8.2803e+02   -1.3866e+02
1.3800e+01   -1.7316e+03   -4.6094e+02   -1.3801e+02
1.3900e+01   -1.8047e+03   -5.7864e+01   -1.3670e+02
1.4000e+01   -1.7850e+03   3.6172e+02   -1.3472e+02
1.4100e+01   -1.6686e+03   7.7641e+02   -1.3208e+02
1.4200e+01   -1.4566e+03   1.1639e+03   -1.2879e+02
1.4300e+01   -1.1554e+03   1.5023e+03   -1.2487e+02
1.4400e+01   -7.7614e+02   1.7710e+03   -1.2033e+02
1.4500e+01   -3.3502e+02   1.9519e+03   -1.1519e+02
1.4600e+01   1.4780e+02   2.0309e+03   -1.0947e+02
1.4700e+01   6.4883e+02   1.9983e+03   -1.0319e+02
1.4800e+01   1.1424e+03   1.8500e+03   -9.6384e+01
1.4900e+01   1.6018e+03   1.5877e+03   -8.9082e+01
1.5000e+01   2.0008e+03   1.2192e+03   -8.1317e+01
1.5100e+01   2.3149e+03   7.5846e+02   -7.3122e+01
1.5200e+01   2.5229e+03   2.2503e+02   -6.4536e+01
1.5300e+01   2.6080e+03   -3.5667e+02   -5.5598e+01
1.5400e+01   2.5592e+03   -9.5832e+02   -4.6348e+01
1.5500e+01   2.3717e+03   -1.5491e+03   -3.6832e+01
1.5600e+01   2.0482e+03   -2.0970e+03   -2.7092e+01
1.5700e+01   1.5985e+03   -2.5707e+03   -1.7174e+01
1.5800e+01   1.0396e+03   -2.9413e+03   -7.1265e+00
1.5900e+01   3.9537e+02   -3.1834e+03   3.0041e+00
1.6000e+01   -3.0467e+02   -3.2775e+03   1.3169e+01
1.6100e+01   -1.0264e+03   -3.2107e+03   2.3319e+01
1.6200e+01   -1.7328e+03   -2.9780e+03   3.3406e+01
1.6300e+01   -2.3857e+03   -2.5830e+03   4.3381e+01
1.6400e+01   -2.9476e+03   -2.0379e+03   5.3195e+01
1.6500e+01   -3.3840e+03   -1.3638e+03   6.2800e+01
1.6600e+01   -3.6651e+03   -5.8950e+02   7.2148e+01
1.6700e+01   -3.7680e+03   2.4922e+02   8.1195e+01
1.6800e+01   -3.6778e+03   1.1113e+03   8.9894e+01
1.6900e+01   -3.3891e+03   1.9522e+03   9.8201e+01
1.7000e+01   -2.9067e+03   2.7264e+03   1.0608e+02
1.7100e+01   -2.2461e+03   3.3890e+03   1.1348e+02
1.7200e+01   -1.4330e+03   3.8992e+03   1.2037e+02
1.7300e+01   -5.0242e+02   4.2217e+03   1.2671e+02
1.7400e+01   5.0237e+02   4.3296e+03   1.3248e+02
1.7500e+01   1.5319e+03   4.2057e+03   1.3763e+02
1.7600e+01   2.5329e+03   3.8443e+03   1.4215e+02
1.7700e+01   3.4505e+03   3.2521e+03   1.4601e+02
1.7800e+01   4.2316e+03   2.4482e+03   1.4918e+02
1.7900e+01   4.8274e+03   1.4640e+03   1.5164e+02
1.8000e+01   5.1965e+03   3.4224e+02   1.5339e+02
1.8100e+01   5.3070e+03   -8.6485e+02   1.5441e+02
1.8200e+01   5.1395e+03   -2.0977e+03   1.5469e+02
1.8300e+01   4.6879e+03   -3.2924e+03   1.5422e+02
1.8400e+01   3.9610e+03   -4.3833e+03   1.5301e+02
1.8500e+01   2.9827e+03   -5.3072e+03   1.5106e+02
1.8600e+01   1.7915e+03   -6.0060e+03   1.4837e+02
1.8700e+01   4.3925e+02   -6.4308e+03   1.4496e+02
1.8800e+01   -1.0110e+03   -6.5445e+03   1.4083e+02
1.8900e+01   -2.4876e+03   -6.3245e+03   1.3600e+02
1.9000e+01   -3.9136e+03   -5.7647e+03   1.3049e+02
1.9100e+01   -5.2108e+03   -4.8767e+03   1.2433e+02
1.9200e+01   -6.3036e+03   -3.6903e+03   1.1754e+02
1.9300e+01   -7.1234e+03   -2.2525e+03   1.1015e+02
1.9400e+01   -7.6121e+03   -6.2627e+02   1.0219e+02
1.9500e+01   -7.7264e+03   1.1123e+03   9.3709e+01
1.9600e+01   -7.4404e+03   2.8768e+03   8.4731e+01
1.9700e+01   -6.7481e+03   4.5751e+03   7.5302e+01
1.9800e+01   -5.6649e+03   6.1137e+03   6.5465e+01
1.9900e+01   -4.2274e+03   7.4025e+03   5.5266e+01
2.0000e+01   -2.4932e+03   8.3599e+03   4.4751e+01
2.0100e+01   -5.3874e+02   8.9176e+03   3.3970e+01
2.0200e+01   1.5440e+03   9.0248e+03   2.2974e+01
2.0300e+01   3.6513e+03   8.6520e+03   1.1814e+01
2.0400e+01   5.6725e+03   7.7935e+03   5.4333e-01
2.0500e+01   7.4959e+03   6.4691e+03   -1.0784e+01
2.0600e+01   9.0140e+03   4.7246e+03   -2.2114e+01
2.0700e+01   1.0130e+04   2.6300e+03   -3.3392e+01
2.0800e+01   1.0764e+04   2.7813e+02   -4.4564e+01
2.0900e+01   1.0855e+04   -2.2200e+03   -5.5575e+01
2.1000e+01   1.0371e+04   -4.7394e+03   -6.6371e+01
2.1100e+01   9.3066e+03   -7.1477e+03   -7.6900e+01
2.1200e+01   7.6872e+03   -9.3111e+03   -8.7109e+01
2.1300e+01   5.5693e+03   -1.1102e+04   -9.6948e+01
2.1400e+01   3.0388e+03   -1.2405e+04   -1.0637e+02
2.1500e+01   2.0786e+02   -1.3125e+04   -1.1532e+02
2.1600e+01   -2.7892e+03   -1.3194e+04   -1.2376e+02
2.1700e+01   -5.8024e+03   -1.2573e+04   -1.3164e+02
2.1800e+01   -8.6726e+03   -1.1258e+04   -1.3893e+02
2.1900e+01   -1.1240e+04   -9.2822e+03   -1.4559e+02
2.2000e+01   -1.3353e+04   -6.7153e+03   -1.5157e+02
2.2100e+01   -1.4875e+04   -3.6620e+03   -1.5686e+02
2.2200e+01   -1.5694e+04   -2.5848e+02   -1.6141e+02
2.2300e+01   -1.5729e+04   3.3334e+03   -1.6521e+02
2.2400e+01   -1.4937e+04   6.9331e+03   -1.6823e+02
2.2500e+01   -1.3316e+04   1.0350e+04   -1.7046e+02
2.2600e+01   -1.0908e+04   1.3394e+04   -1.7188e+02
2.2700e+01   -7.7998e+03   1.5882e+04   -1.7247e+02
2.2800e+01   -4.1184e+03   1.7655e+04   -1.7224e+02
2.2900e+01   -2.9114e+01   1.8579e+04   -1.7118e+02
2.3000e+01   4.2728e+03   1.8561e+04   -1.6929e+02
2.3100e+01   8.5704e+03   1.7552e+04   -1.6657e+02
2.3200e+01   1.2635e+04   1.5553e+04   -1.6304e+02
2.3300e+01   1.6240e+04   1.2618e+04   -1.5870e+02
2.3400e+01   1.9168e+04   8.8518e+03   -1.5359e+02
2.3500e+01   2.1228e+04   4.4113e+03   -1.4770e+02
2.3600e+01   2.2265e+04   -5.0395e+02   -1.4108e+02
2.3700e+01   2.2170e+04   -5.6583e+03   -1.3374e+02
2.3800e+01   2.0887e+04   -1.0791e+04   -1.2573e+02
2.3900e+01   1.8422e+04   -1.5628e+04   -1.1707e+02
2.4000e+01   1.4843e+04   -1.9898e+04   -1.0781e+02
2.4100e+01   1.0279e+04   -2.3344e+04   -9.7984e+01
2.4200e+01   4.9220e+03   -2.5739e+04   -8.7638e+01
2.4300e+01   -9.8706e+02   -2.6900e+04   -7.6820e+01
2.4400e+01   -7.1639e+03   -2.6700e+04   -6.5580e+01
2.4500e+01   -1.3295e+04   -2.5078e+04   -5.3970e+01
2.4600e+01   -1.9053e+04   -2.2044e+04   -4.2045e+01
2.4700e+01   -2.4112e+04   -1.7683e+04   -2.9859e+01
2.4800e+01   -2.8167e+04   -1.2158e+04   -1.7471e+01
2.4900e+01   -3.0950e+04   -5.6992e+03   -4.9394e+00
2.5000e+01   -3.2245e+04   1.4006e+03   7.6765e+00
2.5100e+01   -3.1906e+04   8.7987e+03   2.0316e+01
2.5200e+01   -2.9863e+04   1.6118e+04   3.2919e+01
2.5300e+01   -2.6134e+04   2.2967e+04   4.5424e+01
2.5400e+01   -2.0828e+04   2.8957e+04   5.7770e+01
2.5500e+01   -1.4143e+04   3.3725e+04   6.9898e+01
2.5600e+01   -6.3597e+03   3.6953e+04   8.1747e+01
2.5700e+01   2.1665e+03   3.8387e+04   9.3260e+01
2.5800e+01   1.1023e+04   3.7858e+04   1.0438e+02
2.5900e+01   1.9757e+04   3.5289e+04   1.1505e+02
2.6000e+01   2.7899e+04   3.0708e+04   1.2522e+02
2.6100e+01   3.4986e+04   2.4252e+04   1.3483e+02
2.6200e+01   4.0585e+04   1.6163e+04   1.4384e+02
2.6300e+01   4.4321e+04   6.7843e+03   1.5220e+02
2.6400e+01   4.5896e+04   -3.4550e+03   1.5987e+02
2.6500e+01   4.5113e+04   -1.4057e+04   1.6681e+02
2.6600e+01   4.1888e+04   -2.4479e+04   1.7297e+02
2.6700e+01   3.6261e+04   -3.4158e+04   1.7833e+02
2.6800e+01   2.8405e+04   -4.2542e+04   1.8286e+02
2.6900e+01   1.8618e+04   -4.9116e+04   1.8653e+02
2.7000e+01   7.3159e+03   -5.3436e+04   1.8932e+02
2.7100e+01   -4.9813e+03   -5.5153e+04   1.9122e+02
2.7200e+01   -1.7674e+04   -5.4037e+04   1.9220e+02
2.7300e+01   -3.0111e+04   -4.9998e+04   1.9225e+02
2.7400e+01   -4.1617e+04   -4.3095e+04   1.9139e+02
2.7500e+01   -5.1534e+04   -3.3542e+04   1.8960e+02
2.7600e+01   -5.9251e+04   -2.1705e+04   1.8688e+02
2.7700e+01   -6.4241e+04   -8.0902e+03   1.8326e+02
2.7800e+01   -6.6097e+04   6.6737e+03   1.7873e+02
2.7900e+01   -6.4552e+04   2.1865e+04   1.7332e+02
2.8000e+01   -5.9508e+04   3.6700e+04   1.6705e+02
2.8100e+01   -5.1048e+04   5.0374e+04   1.5994e+02
2.8200e+01   -3.9439e+04   6.2099e+04   1.5204e+02
2.8300e+01   -2.5129e+04   7.1149e+04   1.4336e+02
2.8400e+01   -8.7356e+03   7.6904e+04   1.3394e+02
2.8500e+01   8.9833e+03   7.8883e+04   1.2384e+02
2.8600e+01   2.7158e+04   7.6781e+04   1.1310e+02
2.8700e+01   4.4847e+04   7.0493e+04   1.0175e+02
2.8800e+01   6.1089e+04   6.0130e+04   8.9865e+01
2.8900e+01   7.4943e+04   4.6026e+04   7.7488e+01
2.9000e+01   8.5548e+04   2.8732e+04   6.4677e+01
2.9100e+01   9.2169e+04   8.9946e+03   5.1493e+01
2.9200e+01   9.4244e+04   -1.2268e+04   3.7998e+01
2.9300e+01   9.1422e+04   -3.4008e+04   2.4255e+01
2.9400e+01   8.3591e+04   -5.5098e+04   1.0329e+01
2.9500e+01   7.0903e+04   -7.4385e+04   -3.7141e+00
2.9600e+01   5.3772e+04   -9.0749e+04   -1.7807e+01
2.9700e+01   3.2871e+04   -1.0317e+05   -3.1881e+01
2.9800e+01   9.1103e+03   -1.1077e+05   -4.5871e+01
2.9900e+01   -1.6403e+04   -1.1290e+05   -5.9706e+01
3.0000e+01   -4.2407e+04   -1.0916e+05   -7.3321e+01
3.0100e+01   -6.7549e+04   -9.9426e+04   -8.6648e+01
3.0200e+01   -9.0450e+04   -8.3902e+04   -9.9622e+01
3.0300e+01   -1.0978e+05   -6.3102e+04   -1.1218e+02
3.0400e+01   -1.2431e+05   -3.7851e+04   -1.2426e+02
3.0500e+01   -1.3303e+05   -9.2530e+03   -1.3579e+02
3.0600e+01   -1.3516e+05   2.1354e+04   -1.4673e+02
3.0700e+01   -1.3025e+05   5.2452e+04   -1.5702e+02
3.0800e+01   -1.1817e+05   8.2417e+04   -1.6659e+02
3.0900e+01   -9.9187e+04   1.0960e+05   -1.7541e+02
3.1000e+01   -7.3946e+04   1.3241e+05   -1.8343e+02
3.1100e+01   -4.3451e+04   1.4941e+05   -1.9061e+02
3.1200e+01   -9.0414e+03   1.5939e+05   -1.9690e+02
3.1300e+01   2.7665e+04   1.6143e+05   -2.0227e+02
3.1400e+01   6.4844e+04   1.5503e+05   -2.0670e+02
3.1500e+01   1.0055e+05   1.4006e+05   -2.1015e+02
3.1600e+01   1.3280e+05   1.1687e+05   -2.1261e+02
3.1700e+01   1.5971e+05   8.6248e+04   -2.1405e+02
3.1800e+01   1.7957e+05   4.9429e+04   -2.1447e+02
3.1900e+01   1.9095e+05   8.0354e+03   -2.1386e+02
3.2000e+01   1.9280e+05   -3.5979e+04   -2.1222e+02
3.2100e+01   1.8450e+05   -8.0418e+04   -2.0954e+02
3.2200e+01   1.6597e+05   -1.2295e+05   -2.0585e+02
3.2300e+01   1.3765e+05   -1.6121e+05   -2.0114e+02
3.2400e+01   1.0051e+05   -1.9294e+05   -1.9545e+02
3.2500e+01   5.6061e+04   -2.1613e+05   -1.8878e+02
3.2600e+01   6.2729e+03   -2.2907e+05   -1.8118e+02
3.2700e+01   -4.6497e+04   -2.3055e+05   -1.7266e+02
3.2800e+01   -9.9608e+04   -2.1987e+05   -1.6328e+02
3.2900e+01   -1.5026e+05   -1.9696e+05   -1.5306e+02
3.3000e+01   -1.9564e+05   -1.6239e+05   -1.4205e+02
3.3100e+01   -2.3305e+05   -1.1736e+05   -1.3031e+02
3.3200e+01   -2.6009e+05   -6.3712e+04   -1.1788e+02
3.3300e+01   -2.7477e+05   -3.8387e+03   -1.0483e+02
3.3400e+01   -2.7567e+05   5.9417e+04   -9.1210e+01
3.3500e+01   -2.6200e+05   1.2288e+05   -7.7084e+01
3.3600e+01   -2.3370e+05   1.8319e+05   -6.2519e+01
3.3700e+01   -1.9152e+05   2.3699e+05   -4.7582e+01
3.3800e+01   -1.3695e+05   2.8107e+05   -3.2345e+01
3.3900e+01   -7.2225e+04   3.1258e+05   -1.6878e+01
3.4000e+01   -2.4179e+02   3.2919e+05   -1.2554e+00
3.4100e+01   7.5565e+04   3.2921e+05   1.4448e+01
3.4200e+01   1.5138e+05   3.1178e+05   3.0158e+01
3.4300e+01   2.2317e+05   2.7688e+05   4.5798e+01
3.4400e+01   2.8693e+05   2.2545e+05   6.1293e+01
3.4500e+01   3.3884e+05   1.5933e+05   7.6568e+01
3.4600e+01   3.7553e+05   8.1253e+04   9.1547e+01
3.4700e+01   3.9423e+05   -5.2705e+03   1.0616e+02
3.4800e+01   3.9300e+05   -9.6101e+04   1.2033e+02
3.4900e+01   3.7085e+05   -1.8665e+05   1.3399e+02
3.5000e+01   3.2784e+05   -2.7209e+05   1.4706e+02
3.5100e+01   2.6515e+05   -3.4763e+05   1.5950e+02
3.5200e+01   1.8507e+05   -4.0873e+05   1.7122e+02
3.5300e+01   9.0907e+04   -4.5139e+05   1.8218e+02
3.5400e+01   -1.3077e+04   -4.7236e+05   1.9231e+02
3.5500e+01   -1.2189e+05   -4.6937e+05   2.0157e+02
3.5600e+01   -2.3002e+05   -4.4133e+05   2.0990e+02
3.5700e+01   -3.3169e+05   -3.8837e+05   2.1726e+02
3.5800e+01   -4.2116e+05   -3.1201e+05   2.2361e+02
3.5900e+01   -4.9304e+05   -2.1503e+05   2.2891e+02
3.6000e+01   -5.4259e+05   -1.0150e+05   2.3313e+02
3.6100e+01   -5.6598e+05   2.3447e+04   2.3626e+02
3.6200e+01   -5.6060e+05   1.5378e+05   2.3826e+02
3.6300e+01   -5.2520e+05   2.8288e+05   2.3912e+02
3.6400e+01   -4.6007e+05   4.0382e+05   2.3883e+02
3.6500e+01   -3.6708e+05   5.0976e+05   2.3740e+02
3.6600e+01   -2.4969e+05   5.9428e+05   2.3481e+02
3.6700e+01   -1.1283e+05   6.5176e+05   2.3108e+02
3.6800e+01   3.7262e+04   6.7773e+05   2.2622e+02
3.6900e+01   1.9334e+05   6.6912e+05   2.2025e+02
3.7000e+01   3.4743e+05   6.2456e+05   2.1318e+02
3.7100e+01   4.9126e+05   5.4451e+05   2.0506e+02
3.7200e+01   6.1666e+05   4.3134e+05   1.9591e+02
3.7300e+01   7.1598e+05   2.8928e+05   1.8577e+02
3.7400e+01   7.8259e+05   1.2435e+05   1.7469e+02
3.7500e+01   8.1120e+05   -5.5929e+04   1.6272e+02
3.7600e+01   7.9830e+05   -2.4279e+05   1.4990e+02
3.7700e+01   7.4235e+05   -4.2669e+05   1.3630e+02
3.7800e+01   6.4405e+05   -5.9770e+05   1.2198e+02
3.7900e+01   5.0636e+05   -7.4606e+05   1.0700e+02
3.8000e+01   3.3450e+05   -8.6271e+05   9.1432e+01
3.8100e+01   1.3577e+05   -9.3978e+05   7.5350e+01
3.8200e+01   -8.0712e+04   -9.7107e+05   5.8829e+01
3.8300e+01   -3.0440e+05   -9.5250e+05   4.1944e+01
3.8400e+01   -5.2381e+05   -8.8242e+05   2.4777e+01
3.8500e+01   -7.2708e+05   -7.6179e+05   7.4070e+00
3.8600e+01   -9.0257e+05   -5.9434e+05   -1.0082e+01
3.8700e+01   -1.0395e+06   -3.8648e+05   -2.7607e+01
3.8800e+01   -1.1285e+06   -1.4708e+05   -4.5083e+01
3.8900e+01   -1.1624e+06   1.1283e+05   -6.2426e+01
3.9000e+01   -1.1365e+06   3.8055e+05   -7.9552e+01
3.9100e+01   -1.0488e+06   6.4229e+05   -9.6377e+01
3.9200e+01   -9.0094e+05   8.8385e+05   -1.1282e+02
3.9300e+01   -6.9739e+05   1.0913e+06   -1.2880e+02
3.9400e+01   -4.4605e+05   1.2520e+06   -1.4423e+02
3.9500e+01   -1.5773e+05   1.3547e+06   -1.5905e+02
3.9600e+01   1.5426e+05   1.3910e+06   -1.7317e+02
3.9700e+01   4.7461e+05   1.3554e+06   -1.8652e+02
3.9800e+01   7.8678e+05   1.2461e+06   -1.9904e+02
3.9900e+01   1.0738e+06   1.0649e+06   -2.1066e+02
4.0000e+01   1.3190e+06   8.1753e+05   -2.2133e+02
4.0100e+01   1.5073e+06   5.1371e+05   -2.3098e+02
4.0200e+01   1.6256e+06   1.6653e+05   -2.3956e+02
4.0300e+01   1.6639e+06   -2.0789e+05   -2.4703e+02
4.0400e+01   1.6160e+06   -5.9115e+05   -2.5335e+02
4.0500e+01   1.4798e+06   -9.6336e+05   -2.5848e+02
4.0600e+01   1.2579e+06   -1.3042e+06   -2.6238e+02
4.0700e+01   9.5744e+05   -1.5939e+06   -2.6505e+02
4.0800e+01   5.9028e+05   -1.8145e+06   -2.6645e+02
4.0900e+01   1.7233e+05   -1.9505e+06   -2.6657e+02
4.1000e+01   -2.7694e+05   -1.9902e+06   -2.6541e+02
4.1100e+01   -7.3536e+05   -1.9264e+06   -2.6297e+02
4.1200e+01   -1.1791e+06   -1.7570e+06   -2.5924e+02
4.1300e+01   -1.5838e+06   -1.4855e+06   -2.5426e+02
4.1400e+01   -1.9260e+06   -1.1207e+06   -2.4802e+02
4.1500e+01   -2.1841e+06   -6.7709e+05   -2.4056e+02
4.1600e+01   -2.3401e+06   -1.7404e+05   -2.3190e+02
4.1700e+01   -2.3802e+06   3.6494e+05   -2.2209e+02
4.1800e+01   -2.2962e+06   9.1317e+05   -2.1116e+02
4.1900e+01   -2.0859e+06   1.4420e+06   -1.9916e+02
4.2000e+01   -1.7538e+06   1.9225e+06   -1.8614e+02
4.2100e+01   -1.3111e+06   2.3264e+06   -1.7217e+02
4.2200e+01   -7.7525e+05   2.6284e+06   -1.5729e+02
4.2300e+01   -1.6990e+05   2.8069e+06   -1.4159e+02
4.2400e+01   4.7657e+05   2.8460e+06   -1.2513e+02
4.2500e+01   1.1321e+06   2.7363e+06   -1.0799e+02
4.2600e+01   1.7623e+06   2.4755e+06   -9.0249e+01
4.2700e+01   2.3324e+06   2.0696e+06   -7.1986e+01
4.2800e+01   2.8091e+06   1.5324e+06   -5.3288e+01
4.2900e+01   3.1620e+06   8.8538e+05   -3.4243e+01
4.3000e+01   3.3659e+06   1.5708e+05   -1.4942e+01
4.3100e+01   3.4020e+06   -6.1818e+05   4.5242e+00
4.3200e+01   3.2596e+06   -1.4018e+06   2.4062e+01
4.3300e+01   2.9367e+06   -2.1525e+06   4.3579e+01
4.3400e+01   2.4409e+06   -2.8289e+06   6.2979e+01
4.3500e+01   1.7893e+06   -3.3912e+06   8.2170e+01
4.3600e+01   1.0082e+06   -3.8033e+06   1.0106e+02
4.3700e+01   1.3214e+05   -4.0355e+06   1.1955e+02
4.3800e+01   -7.9738e+05   -4.0659e+06   1.3755e+02
4.3900e+01   -1.7339e+06   -3.8823e+06   1.5498e+02
4.4000e+01   -2.6281e+06   -3.4829e+06   1.7175e+02
4.4100e+01   -3.4304e+06   -2.8776e+06   1.8777e+02
4.4200e+01   -4.0932e+06   -2.0875e+06   2.0296e+02
4.4300e+01   -4.5740e+06   -1.1447e+06   2.1725e+02
4.4400e+01   -4.8377e+06   -9.1208e+04   2.3056e+02
4.4500e+01   -4.8588e+06   1.0230e+06   2.4283e+02
4.4600e+01   -4.6232e+06   2.1421e+06   2.5399e+02
4.4700e+01   -4.1298e+06   3.2070e+06   2.6397e+02
4.4800e+01   -3.3912e+06   4.1582e+06   2.7273e+02
4.4900e+01   -2.4335e+06   4.9393e+06   2.8023e+02
4.5000e+01   -1.2959e+06   5.4998e+06   2.8640e+02
4.5100e+01   -2.9161e+04   5.7982e+06   2.9123e+02
4.5200e+01   1.3063e+06   5.8049e+06   2.9468e+02
4.5300e+01   2.6433e+06   5.5041e+06   2.9673e+02
4.5400e+01   3.9110e+06   4.8953e+06   2.9736e+02
4.5500e+01   5.0385e+06   3.9945e+06   2.9656e+02
4.5600e+01   5.9585e+06   2.8340e+06   2.9432e+02
4.5700e+01   6.6112e+06   1.4616e+06   2.9066e+02
4.5800e+01   6.9478e+06   -6.1157e+04   2.8559e+02
4.5900e+01   6.9336e+06   -1.6614e+06   2.7911e+02
4.6000e+01   6.5509e+06   -3.2584e+06   2.7125e+02
4.6100e+01   5.8004e+06   -4.7673e+06   2.6206e+02
4.6200e+01   4.7024e+06   -6.1033e+06   2.5155e+02
4.6300e+01   3.2966e+06   -7.1863e+06   2.3979e+02
4.6400e+01   1.6413e+06   -7.9456e+06   2.2681e+02
4.6500e+01   -1.8878e+05   -8.3237e+06   2.1268e+02
4.6600e+01   -2.1060e+06   -8.2802e+06   1.9745e+02
4.6700e+01   -4.0131e+06   -7.7951e+06   1.8121e+02
4.6800e+01   -5.8086e+06   -6.8708e+06   1.6401e+02
4.6900e+01   -7.3911e+06   -5.5329e+06   1.4594e+02
4.7000e+01   -8.6656e+06   -3.8305e+06   1.2707e+02
4.7100e+01   -9.5478e+06   -1.8346e+06   1.0751e+02
4.7200e+01   -9.9704e+06   3.6455e+05   8.7335e+01
4.7300e+01   -9.8865e+06   2.6610e+06   6.6641e+01
4.7400e+01   -9.2736e+06   4.9381e+06   4.5526e+01
4.7500e+01   -8.1363e+06   7.0741e+06   2.4091e+01
4.7600e+01   -6.5070e+06   8.9481e+06   2.4366e+00
4.7700e+01   -4.4460e+06   1.0447e+07   -1.9334e+01
4.7800e+01   -2.0398e+06   1.1471e+07   -4.1116e+01
4.7900e+01   6.0218e+05   1.1941e+07   -6.2805e+01
4.8000e+01   3.3524e+06   1.1802e+07   -8.4297e+01
4.8100e+01   6.0707e+06   1.1030e+07   -1.0549e+02
4.8200e+01   8.6112e+06   9.6317e+06   -1.2627e+02
4.8300e+01   1.0830e+07   7.6483e+06   -1.4654e+02
4.8400e+01   1.2591e+07   5.1540e+06   -1.6621e+02
4.8500e+01   1.3778e+07   2.2539e+06   -1.8517e+02
4.8600e+01   1.4297e+07   -9.1956e+05   -2.0333e+02
4.8700e+01   1.4085e+07   -4.2126e+06   -2.2060e+02
4.8800e+01   1.3115e+07   -7.4568e+06   -2.3689e+02
4.8900e+01   1.1398e+07   -1.0478e+07   -2.5212e+02
4.9000e+01   8.9843e+06   -1.3103e+07   -2.6620e+02
4.9100e+01   5.9664e+06   -1.5172e+07   -2.7908e+02
4.9200e+01   2.4718e+06   -1.6546e+07   -2.9067e+02
4.9300e+01   -1.3393e+06   -1.7116e+07   -3.0091e+02
4.9400e+01   -5.2815e+06   -1.6807e+07   -3.0976e+02
4.9500e+01   -9.1526e+06   -1.5591e+07   -3.1716e+02
4.9600e+01   -1.2744e+07   -1.3483e+07   -3.2307e+02
4.9700e+01   -1.5849e+07   -1.0547e+07   -3.2744e+02
4.9800e+01   -1.8278e+07   -6.8969e+06   -3.3027e+02
4.9900e+01   -1.9867e+07   -2.6868e+06   -3.3151e+02
5.0000e+01   -2.0486e+07   1.8891e+06   -3.3117e+02
5.0100e+01   -2.0051e+07   6.6075e+06   -3.2923e+02
5.0200e+01   -1.8529e+07   1.1226e+07   -3.2569e+02
5.0300e+01   -1.5943e+07   1.5493e+07   -3.2057e+02
5.0400e+01   -1.2375e+07   1.9166e+07   -3.1388e+02
5.0500e+01   -7.9605e+06   2.2016e+07   -3.0565e+02
5.0600e+01   -2.8897e+06   2.3849e+07   -2.9591e+02
5.0700e+01   2.6035e+06   2.4515e+07   -2.8469e+02
5.0800e+01   8.2499e+06   2.3915e+07   -2.7205e+02
5.0900e+01   1.3758e+07   2.2015e+07   -2.5804e+02
5.1000e+01   1.8829e+07   1.8846e+07   -2.4271e+02
5.1100e+01   2.3170e+07   1.4510e+07   -2.2615e+02
5.1200e+01   2.6512e+07   9.1730e+06   -2.0841e+02
5.1300e+01   2.8624e+07   3.0667e+06   -1.8959e+02
5.1400e+01   2.9331e+07   -3.5262e+06   -1.6977e+02
5.1500e+01   2.8518e+07   -1.0282e+07   -1.4903e+02
5.1600e+01   2.6150e+07   -1.6850e+07   -1.2747e+02
5.1700e+01   2.2269e+07   -2.2873e+07   -1.0519e+02
5.1800e+01   1.7001e+07   -2.8003e+07   -8.2306e+01
5.1900e+01   1.0551e+07   -3.1918e+07   -5.8911e+01
5.2000e+01   3.1993e+06   -3.4348e+07   -3.5119e+01
5.2100e+01   -4.7121e+06   -3.5085e+07   -1.1044e+01
5.2200e+01   -1.2793e+07   -3.4000e+07   1.3200e+01
5.2300e+01   -2.0624e+07   -3.1053e+07   3.7498e+01
5.2400e+01   -2.7777e+07   -2.6303e+07   6.1732e+01
5.2500e+01   -3.3835e+07   -1.9905e+07   8.5785e+01
5.2600e+01   -3.8420e+07   -1.2112e+07   1.0954e+02
5.2700e+01   -4.1210e+07   -3.2630e+06   1.3288e+02
5.2800e+01   -4.1961e+07   6.2287e+06   1.5570e+02
5.2900e+01   -4.0527e+07   1.5893e+07   1.7787e+02
5.3000e+01   -3.6866e+07   2.5228e+07   1.9930e+02
5.3100e+01   -3.1055e+07   3.3719e+07   2.1987e+02
5.3200e+01   -2.3289e+07   4.0872e+07   2.3948e+02
5.3300e+01   -1.3875e+07   4.6236e+07   2.5803e+02
5.3400e+01   -3.2256e+06   4.9432e+07   2.7543e+02
5.3500e+01   8.1598e+06   5.0175e+07   2.9158e+02
5.3600e+01   1.9716e+07   4.8295e+07   3.0641e+02
5.3700e+01   3.0840e+07   4.3754e+07   3.1983e+02
5.3800e+01   4.0918e+07   3.6651e+07   3.3178e+02
5.3900e+01   4.9359e+07   2.7227e+07   3.4219e+02
5.4000e+01   5.5630e+07   1.5858e+07   3.5100e+02
5.4100e+01   5.9283e+07   3.0446e+06   3.5817e+02
5.4200e+01   5.9984e+07   -1.0610e+07   3.6364e+02
5.4300e+01   5.7540e+07   -2.4426e+07   3.6739e+02
5.4400e+01   5.1915e+07   -3.7679e+07   3.6938e+02
5.4500e+01   4.3236e+07   -4.9636e+07   3.6961e+02
5.4600e+01   3.1804e+07   -5.9594e+07   3.6806e+02
5.4700e+01   1.8077e+07   -6.6920e+07   3.6473e+02
5.4800e+01   2.6640e+06   -7.1083e+07   3.5962e+02
5.4900e+01   -1.3708e+07   -7.1697e+07   3.5276e+02
5.5000e+01   -3.0222e+07   -6.8539e+07   3.4417e+02
5.5100e+01   -4.6009e+07   -6.1578e+07   3.3388e+02
5.5200e+01   -6.0192e+07   -5.0981e+07   3.2193e+02
5.5300e+01   -7.1934e+07   -3.7118e+07   3.0838e+02
5.5400e+01   -8.0483e+07   -2.0549e+07   2.9327e+02
5.5500e+01   -8.5216e+07   -2.0117e+06   2.7668e+02
5.5600e+01   -8.5680e+07   1.7616e+07   2.5868e+02
5.5700e+01   -8.1622e+07   3.7350e+07   2.3934e+02
5.5800e+01   -7.3020e+07   5.6150e+07   2.1876e+02
5.5900e+01   -6.0087e+07   7.2968e+07   1.9703e+02
5.6000e+01   -4.3280e+07   8.6808e+07   1.7424e+02
5.6100e+01   -2.3286e+07   9.6777e+07   1.5050e+02
5.6200e+01   -9.9577e+05   1.0214e+08   1.2593e+02
5.6300e+01   2.2530e+07   1.0237e+08   1.0063e+02
5.6400e+01   4.6108e+07   9.7180e+07   7.4720e+01
5.6500e+01   6.8491e+07   8.6560e+07   4.8329e+01
5.6600e+01   8.8429e+07   7.0785e+07   2.1578e+01
5.6700e+01   1.0473e+08   5.0418e+07   -5.4060e+00
5.6800e+01   1.1634e+08   2.6295e+07   -3.2494e+01
5.6900e+01   1.2240e+08   -5.0222e+05   -5.9555e+01
5.7000e+01   1.2229e+08   -2.8694e+07   -8.6460e+01
5.7100e+01   1.1568e+08   -5.6860e+07   -1.1308e+02
5.7200e+01   1.0258e+08   -8.3503e+07   -1.3928e+02
5.7300e+01   8.3347e+07   -1.0713e+08   -1.6494e+02
5.7400e+01   5.8672e+07   -1.2633e+08   -1.8992e+02
5.7500e+01   2.9575e+07   -1.3984e+08   -2.1412e+02
5.7600e+01   -2.6336e+06   -1.4665e+08   -2.3739e+02
5.7700e+01   -3.6412e+07   -1.4605e+08   -2.5964e+02
5.7800e+01   -7.0050e+07   -1.3766e+08   -2.8075e+02
5.7900e+01   -1.0176e+08   -1.2153e+08   -3.0060e+02
5.8000e+01   -1.2975e+08   -9.8088e+07   -3.1910e+02
5.8100e+01   -1.5234e+08   -6.8204e+07   -3.3615e+02
5.8200e+01   -1.6805e+08   -3.3116e+07   -3.5167e+02
5.8300e+01   -1.7568e+08   5.5903e+06   -3.6557e+02
5.8400e+01   -1.7439e+08   4.6053e+07   -3.7777e+02
5.8500e+01   -1.6378e+08   8.6219e+07   -3.8822e+02
5.8600e+01   -1.4392e+08   1.2394e+08   -3.9684e+02
5.8700e+01   -1.1538e+08   1.5709e+08   -4.0360e+02
5.8800e+01   -7.9193e+07   1.8367e+08   -4.0844e+02
5.8900e+01   -3.6890e+07   2.0191e+08   -4.1134e+02
5.9000e+01   9.6147e+06   2.1040e+08   -4.1228e+02
5.9100e+01   5.8076e+07   2.0819e+08   -4.1123e+02
5.9200e+01   1.0603e+08   1.9481e+08   -4.0820e+02
5.9300e+01   1.5090e+08   1.7039e+08   -4.0319e+02
5.9400e+01   1.9014e+08   1.3564e+08   -3.9621e+02
5.9500e+01   2.2138e+08   9.1840e+07   -3.8729e+02
5.9600e+01   2.4254e+08   4.0850e+07   -3.7646e+02
5.9700e+01   2.5195e+08   -1.5013e+07   -3.6377e+02
5.9800e+01   2.4849e+08   -7.3043e+07   -3.4926e+02
5.9900e+01   2.3166e+08   -1.3028e+08   -3.3300e+02
6.0000e+01   2.0166e+08   -1.8363e+08   -3.1506e+02
6.0100e+01   1.5936e+08   -2.3008e+08   -2.9552e+02
6.0200e+01   1.0637e+08   -2.6679e+08   -2.7446e+02
6.0300e+01   4.4920e+07   -2.9129e+08   -2.5198e+02
6.0400e+01   -2.2171e+07   -3.0163e+08   -2.2817e+02
6.0500e+01   -9.1645e+07   -2.9653e+08   -2.0315e+02
6.0600e+01   -1.5994e+08   -2.7542e+08   -1.7704e+02
6.0700e+01   -2.2338e+08   -2.3858e+08   -1.4994e+02
6.0800e+01   -2.7833e+08   -1.8713e+08   -1.2199e+02
6.0900e+01   -3.2143e+08   -1.2302e+08   -9.3323e+01
6.1000e+01   -3.4977e+08   -4.8988e+07   -6.4066e+01
6.1100e+01   -3.6105e+08   3.1573e+07   -3.4359e+01
6.1200e+01   -3.5378e+08   1.1473e+08   -4.3431e+00
6.1300e+01   -3.2735e+08   1.9622e+08   2.5838e+01
6.1400e+01   -2.8216e+08   2.7161e+08   5.6040e+01
6.1500e+01   -2.1960e+08   3.3660e+08   8.6117e+01
6.1600e+01   -1.4207e+08   3.8718e+08   1.1593e+02
6.1700e+01   -5.2891e+07   4.1990e+08   1.4532e+02
6.1800e+01   4.3824e+07   4.3209e+08   1.7415e+02
6.1900e+01   1.4335e+08   4.2199e+08   2.0229e+02
6.2000e+01   2.4054e+08   3.8898e+08   2.2958e+02
6.2100e+01   3.3013e+08   3.3357e+08   2.5591e+02
6.2200e+01   4.0696e+08   2.5753e+08   2.8112e+02
6.2300e+01   4.6628e+08   1.6380e+08   3.0511e+02
6.2400e+01   5.0401e+08   5.6403e+07   3.2774e+02
6.2500e+01   5.1700e+08   -5.9683e+07   3.4890e+02
6.2600e+01   5.0325e+08   -1.7876e+08   3.6848e+02
6.2700e+01   4.6208e+08   -2.9467e+08   3.8638e+02
6.2800e+01   3.9421e+08   -4.0110e+08   4.0251e+02
6.2900e+01   3.0182e+08   -4.9190e+08   4.1678e+02
6.3000e+01   1.8853e+08   -5.6142e+08   4.2911e+02
6.3100e+01   5.9216e+07   -6.0484e+08   4.3943e+02
6.3200e+01   -8.0095e+07   -6.1848e+08   4.4769e+02
6.3300e+01   -2.2255e+08   -6.0003e+08   4.5383e+02
6.3400e+01   -3.6075e+08   -5.4877e+08   4.5781e+02
6.3500e+01   -4.8715e+08   -4.6568e+08   4.5961e+02
6.3600e+01   -5.9441e+08   -3.5348e+08   4.5920e+02
6.3700e+01   -6.7582e+08   -2.1657e+08   4.5658e+02
6.3800e+01   -7.2570e+08   -6.0912e+07   4.5175e+02
6.3900e+01   -7.3973e+08   1.0624e+08   4.4472e+02
6.4000e+01   -7.1526e+08   2.7662e+08   4.3552e+02
6.4100e+01   -6.5155e+08   4.4136e+08   4.2417e+02
6.4200e+01   -5.4989e+08   5.9143e+08   4.1073e+02
6.4300e+01   -4.1367e+08   7.1809e+08   3.9524e+02
6.4400e+01   -2.4828e+08   8.1337e+08   3.7777e+02
6.4500e+01   -6.0938e+07   8.7055e+08   3.5841e+02
6.4600e+01   1.3957e+08   8.8459e+08   3.3722e+02
6.4700e+01   3.4332e+08   8.5244e+08   3.1431e+02
6.4800e+01   5.3966e+08   7.7336e+08   2.8977e+02
6.4900e+01   7.1778e+08   6.4907e+08   2.6372e+02
6.5000e+01   8.6728e+08   4.8374e+08   2.3627e+02
6.5100e+01   9.7870e+08   2.8398e+08   2.0756e+02
6.5200e+01   1.0441e+09   5.8564e+07   1.7770e+02
6.5300e+01   1.0576e+09   -1.8192e+08   1.4685e+02
6.5400e+01   1.0157e+09   -4.2551e+08   1.1514e+02
6.5500e+01   9.1769e+08   -6.5946e+08   8.2725e+01
6.5600e+01   7.6580e+08   -8.7082e+08   4.9755e+01
6.5700e+01   5.6522e+08   -1.0472e+09   1.6386e+01
6.5800e+01   3.2402e+08   -1.1774e+09   -1.7223e+01
6.5900e+01   5.2840e+07   -1.2520e+09   -5.0911e+01
6.6000e+01   -2.3554e+08   -1.2642e+09   -8.4515e+01
6.6100e+01   -5.2671e+08   -1.2099e+09   -1.1787e+02
6.6200e+01   -8.0540e+08   -1.0886e+09   -1.5083e+02
6.6300e+01   -1.0561e+09   -9.0313e+08   -1.8321e+02
6.6400e+01   -1.2641e+09   -6.5987e+08   -2.1487e+02
6.6500e+01   -1.4161e+09   -3.6870e+08   -2.4565e+02
6.6600e+01   -1.5011e+09   -4.2528e+07   -2.7539e+02
6.6700e+01   -1.5109e+09   3.0321e+08   -3.0395e+02
6.6800e+01   -1.4410e+09   6.5119e+08   -3.3118e+02
6.6900e+01   -1.2910e+09   9.8310e+08   -3.5695e+02
6.7000e+01   -1.0646e+09   1.2805e+09   -3.8112e+02
6.7100e+01   -7.6967e+08   1.5257e+09   -4.0358e+02
6.7200e+01   -4.1827e+08   1.7029e+09   -4.2420e+02
6.7300e+01   -2.6039e+07   1.7993e+09   -4.4287e+02
6.7400e+01   3.8838e+08   1.8053e+09   -4.5951e+02
6.7500e+01   8.0419e+08   1.7158e+09   -4.7401e+02
6.7600e+01   1.1994e+09   1.5306e+09   -4.8629e+02
6.7700e+01   1.5519e+09   1.2543e+09   -4.9630e+02
6.7800e+01   1.8408e+09   8.9690e+08   -5.0396e+02
6.7900e+01   2.0474e+09   4.7290e+08   -5.0924e+02
6.8000e+01   2.1563e+09   1.3310e+06   -5.1208e+02
6.8100e+01   2.1566e+09   -4.9533e+08   -5.1248e+02
6.8200e+01   2.0425e+09   -9.9206e+08   -5.1041e+02
6.8300e+01   1.8141e+09   -1.4625e+09   -5.0587e+02
6.8400e+01   1.4772e+09   -1.8803e+09   -4.9887e+02
6.8500e+01   1.0441e+09   -2.2206e+09   -4.8943e+02
6.8600e+01   5.3265e+08   -2.4611e+09   -4.7760e+02
6.8700e+01   -3.4201e+07   -2.5837e+09   -4.6341e+02
6.8800e+01   -6.2931e+08   -2.5759e+09   -4.4691e+02
6.8900e+01   -1.2226e+09   -2.4309e+09   -4.2819e+02
6.9000e+01   -1.7825e+09   -2.1493e+09   -4.0731e+02
6.9100e+01   -2.2775e+09   -1.7388e+09   -3.8437e+02
6.9200e+01   -2.6780e+09   -1.2142e+09   -3.5947e+02
6.9300e+01   -2.9577e+09   -5.9736e+08   -3.3272e+02
6.9400e+01   -3.0953e+09   8.3871e+07   -3.0424e+02
6.9500e+01   -3.0760e+09   7.9680e+08   -2.7416e+02
6.9600e+01   -2.8924e+09   1.5053e+09   -2.4261e+02
6.9700e+01   -2.5457e+09   2.1715e+09   -2.0974e+02
6.9800e+01   -2.0456e+09   2.7578e+09   -1.7570e+02
6.9900e+01   -1.4104e+09   3.2290e+09   -1.4065e+02
7.0000e+01   -6.6666e+08   3.5538e+09   -1.0476e+02
7.0100e+01   1.5188e+08   3.7074e+09   -6.8186e+01
7.0200e+01   1.0058e+09   3.6724e+09   -3.1110e+01
7.0300e+01   1.8516e+09   3.4407e+09   6.2938e+00
7.0400e+01   2.6441e+09   3.0143e+09   4.3848e+01
7.0500e+01   3.3384e+09   2.4052e+09   8.1371e+01
7.0600e+01   3.8924e+09   1.6363e+09   1.1868e+02
7.0700e+01   4.2693e+09   7.3980e+08   1.5560e+02
7.0800e+01   4.4397e+09   -2.4353e+08   1.9195e+02
7.0900e+01   4.3836e+09   -1.2661e+09   2.2755e+02
7.1000e+01   4.0920e+09   -2.2758e+09   2.6223e+02
7.1100e+01   3.5678e+09   -3.2182e+09   2.9581e+02
7.1200e+01   2.8266e+09   -4.0400e+09   3.2813e+02
7.1300e+01   1.8960e+09   -4.6910e+09   3.5902e+02
7.1400e+01   8.1556e+08   -5.1277e+09   3.8833e+02
7.1500e+01   -3.6549e+08   -5.3156e+09   4.1591e+02
7.1600e+01   -1.5898e+09   -5.2314e+09   4.4163e+02
7.1700e+01   -2.7947e+09   -4.8652e+09   4.6534e+02
7.1800e+01   -3.9153e+09   -4.2215e+09   4.8692e+02
7.1900e+01   -4.8877e+09   -3.3197e+09   5.0626e+02
7.2000e+01   -5.6523e+09   -2.1940e+09   5.2326e+02
7.2100e+01   -6.1576e+09   -8.9209e+08   5.3782e+02
7.2200e+01   -6.3631e+09   5.2618e+08   5.4986e+02
7.2300e+01   -6.2419e+09   1.9918e+09   5.5931e+02
7.2400e+01   -5.7831e+09   3.4294e+09   5.6611e+02
7.2500e+01   -4.9932e+09   4.7614e+09   5.7022e+02
7.2600e+01   -3.8966e+09   5.9115e+09   5.7161e+02
7.2700e+01   -2.5350e+09   6.8090e+09   5.7024e+02
7.2800e+01   -9.6668e+08   7.3929e+09   5.6613e+02
7.2900e+01   7.3610e+08   7.6155e+09   5.5927e+02
7.3000e+01   2.4902e+09   7.4460e+09   5.4968e+02
7.3100e+01   4.2052e+09   6.8724e+09   5.3740e+02
7.3200e+01   5.7881e+09   5.9039e+09   5.2247e+02
7.3300e+01   7.1479e+09   4.5707e+09   5.0495e+02
7.3400e+01   8.2006e+09   2.9244e+09   4.8492e+02
7.3500e+01   8.8742e+09   1.0356e+09   4.6245e+02
7.3600e+01   9.1127e+09   -1.0084e+09   4.3766e+02
7.3700e+01   8.8805e+09   -3.1073e+09   4.1063e+02
7.3800e+01   8.1648e+09   -5.1527e+09   3.8150e+02
7.3900e+01   6.9780e+09   -7.0333e+09   3.5038e+02
7.4000e+01   5.3580e+09   -8.6405e+09   3.1744e+02
7.4100e+01   3.3679e+09   -9.8746e+09   2.8280e+02
7.4200e+01   1.0935e+09   -1.0650e+10   2.4664e+02
7.4300e+01   -1.3596e+09   -1.0902e+10   2.0911e+02
7.4400e+01   -3.8706e+09   -1.0589e+10   1.7040e+02
7.4500e+01   -6.3095e+09   -9.6975e+09   1.3068e+02
7.4600e+01   -8.5431e+09   -8.2442e+09   9.0134e+01
7.4700e+01   -1.0442e+10   -6.2765e+09   4.8964e+01
7.4800e+01   -1.1888e+10   -3.8715e+09   7.3590e+00
7.4900e+01   -1.2779e+10   -1.1334e+09   -3.4481e+01
7.5000e+01   -1.3040e+10   1.8100e+09   -7.6357e+01
7.5100e+01   -1.2624e+10   4.8136e+09   -1.1807e+02
7.5200e+01   -1.1515e+10   7.7211e+09   -1.5941e+02
7.5300e+01   -9.7365e+09   1.0373e+10   -2.0018e+02
7.5400e+01   -7.3472e+09   1.2616e+10   -2.4019e+02
7.5500e+01   -4.4415e+09   1.4308e+10   -2.7923e+02
7.5600e+01   -1.1459e+09   1.5331e+10   -3.1712e+02
7.5700e+01   2.3852e+09   1.5595e+10   -3.5366e+02
7.5800e+01   5.9772e+09   1.5046e+10   -3.8867e+02
7.5900e+01   9.4426e+09   1.3669e+10   -4.2198e+02
7.6000e+01   1.2591e+10   1.1494e+10   -4.5342e+02
7.6100e+01   1.5238e+10   8.5940e+09   -4.8283e+02
7.6200e+01   1.7218e+10   5.0842e+09   -5.1005e+02
7.6300e+01   1.8389e+10   1.1185e+09   -5.3495e+02
7.6400e+01   1.8646e+10   -3.1169e+09   -5.5739e+02
7.6500e+01   1.7928e+10   -7.4116e+09   -5.7726e+02
7.6600e+01   1.6221e+10   -1.1541e+10   -5.9444e+02
7.6700e+01   1.3563e+10   -1.5277e+10   -6.0884e+02
7.6800e+01   1.0044e+10   -1.8401e+10   -6.2038e+02
7.6900e+01   5.8061e+09   -2.0715e+10   -6.2899e+02
7.7000e+01   1.0350e+09   -2.2052e+10   -6.3460e+02
7.7100e+01   -4.0442e+09   -2.2290e+10   -6.3720e+02
7.7200e+01   -9.1783e+09   -2.1359e+10   -6.3673e+02
7.7300e+01   -1.4098e+10   -1.9245e+10   -6.3320e+02
7.7400e+01   -1.8530e+10   -1.5998e+10   -6.2660e+02
7.7500e+01   -2.2215e+10   -1.1730e+10   -6.1695e+02
7.7600e+01   -2.4917e+10   -6.6130e+09   -6.0428e+02
7.7700e+01   -2.6440e+10   -8.7403e+08   -5.8864e+02
7.7800e+01   -2.6641e+10   5.2158e+09   -5.7010e+02
7.7900e+01   -2.5440e+10   1.1352e+10   -5.4871e+02
7.8000e+01   -2.2825e+10   1.7212e+10   -5.2459e+02
7.8100e+01   -1.8861e+10   2.2469e+10   -4.9782e+02
7.8200e+01   -1.3686e+10   2.6813e+10   -4.6852e+02
7.8300e+01   -7.5101e+09   2.9965e+10   -4.3683e+02
7.8400e+01   -6.0835e+08   3.1695e+10   -4.0288e+02
7.8500e+01   6.6918e+09   3.1835e+10   -3.6682e+02
7.8600e+01   1.4024e+10   3.0294e+10   -3.2883e+02
7.8700e+01   2.1002e+10   2.7064e+10   -2.8907e+02
7.8800e+01   2.7235e+10   2.2226e+10   -2.4773e+02
7.8900e+01   3.2355e+10   1.5953e+10   -2.0499e+02
7.9000e+01   3.6029e+10   8.5012e+09   -1.6106e+02
7.9100e+01   3.7987e+10   2.0278e+08   -1.1615e+02
7.9200e+01   3.8034e+10   -8.5467e+09   -7.0457e+01
7.9300e+01   3.6065e+10   -1.7307e+10   -2.4206e+01
7.9400e+01   3.2079e+10   -2.5614e+10   2.2384e+01
7.9500e+01   2.6180e+10   -3.3002e+10   6.9090e+01
7.9600e+01   1.8578e+10   -3.9032e+10   1.1569e+02
7.9700e+01   9.5881e+09   -4.3311e+10   1.6195e+02
7.9800e+01   -3.8764e+08   -4.5520e+10   2.0766e+02
7.9900e+01   -1.0872e+10   -4.5430e+10   2.5259e+02
8.0000e+01   -2.1336e+10   -4.2926e+10   2.9652e+02
8.0100e+01   -3.1223e+10   -3.8012e+10   3.3923e+02
8.0200e+01   -3.9978e+10   -3.0821e+10   3.8052e+02
8.0300e+01   -4.7077e+10   -2.1613e+10   4.2017e+02
8.0400e+01   -5.2055e+10   -1.0769e+10   4.5799e+02
8.0500e+01   -5.4535e+10   1.2201e+09   4.9378e+02
8.0600e+01   -5.4254e+10   1.3781e+10   5.2737e+02
8.0700e+01   -5.1080e+10   2.6277e+10   5.5858e+02
8.0800e+01   -4.5028e+10   3.8042e+10   5.8726e+02
8.0900e+01   -3.6266e+10   4.8413e+10   6.1324e+02
8.1000e+01   -2.5115e+10   5.6766e+10   6.3639e+02
8.1100e+01   -1.2040e+10   6.2551e+10   6.5659e+02
8.1200e+01   2.3673e+09   6.5324e+10   6.7373e+02
8.1300e+01   1.7413e+10   6.4779e+10   6.8770e+02
8.1400e+01   3.2333e+10   6.0768e+10   6.9843e+02
8.1500e+01   4.6330e+10   5.3321e+10   7.0585e+02
8.1600e+01   5.8611e+10   4.2650e+10   7.0991e+02
8.1700e+01   6.8435e+10   2.9150e+10   7.1056e+02
8.1800e+01   7.5149e+10   1.3388e+10   7.0780e+02
8.1900e+01   7.8232e+10   -3.9209e+09   7.0162e+02
8.2000e+01   7.7329e+10   -2.1940e+10   6.9202e+02
8.2100e+01   7.2276e+10   -3.9751e+10   6.7905e+02
8.2200e+01   6.3120e+10   -5.6398e+10   6.6275e+02
8.2300e+01   5.0130e+10   -7.0936e+10   6.4317e+02
8.2400e+01   3.3792e+10   -8.2482e+10   6.2041e+02
8.2500e+01   1.4794e+10   -9.0266e+10   5.9454e+02
8.2600e+01   -5.9967e+09   -9.3673e+10   5.6569e+02
8.2700e+01   -2.7572e+10   -9.2292e+10   5.3398e+02
8.2800e+01   -4.8829e+10   -8.5941e+10   4.9954e+02
8.2900e+01   -6.8624e+10   -7.4694e+10   4.6253e+02
8.3000e+01   -8.5828e+10   -5.8889e+10   4.2312e+02
8.3100e+01   -9.9392e+10   -3.9120e+10   3.8148e+02
8.3200e+01   -1.0840e+11   -1.6228e+10   3.3780e+02
8.3300e+01   -1.1214e+11   8.7403e+09   2.9228e+02
8.3400e+01   -1.1013e+11   3.4569e+10   2.4513e+02
8.3500e+01   -1.0216e+11   5.9934e+10   1.9658e+02
8.3600e+01   -8.8360e+10   8.3465e+10   1.4685e+02
8.3700e+01   -6.9136e+10   1.0382e+11   9.6174e+01
8.3800e+01   -4.5224e+10   1.1974e+11   4.4788e+01
8.3900e+01   -1.7644e+10   1.3016e+11   -7.0605e+00
8.4000e+01   1.2334e+10   1.3422e+11   -5.9125e+01
8.4100e+01   4.3249e+10   1.3138e+11   -1.1116e+02
8.4200e+01   7.3509e+10   1.2142e+11   -1.6290e+02
8.4300e+01   1.0148e+11   1.0449e+11   -2.1411e+02
8.4400e+01   1.2554e+11   8.1115e+10   -2.6454e+02
8.4500e+01   1.4422e+11   5.2200e+10   -3.1393e+02
8.4600e+01   1.5625e+11   1.8981e+10   -3.6205e+02
8.4700e+01   1.6062e+11   -1.7007e+10   -4.0866e+02
8.4800e+01   1.5670e+11   -5.4002e+10   -4.5353e+02
8.4900e+01   1.4426e+11   -9.0094e+10   -4.9642e+02
8.5000e+01   1.2351e+11   -1.2332e+11   -5.3714e+02
8.5100e+01   9.5108e+10   -1.5177e+11   -5.7546e+02
8.5200e+01   6.0152e+10   -1.7368e+11   -6.1120e+02
8.5300e+01   2.0149e+10   -1.8753e+11   -6.4416e+02
8.5400e+01   -2.3044e+10   -1.9217e+11   -6.7418e+02
8.5500e+01   -6.7306e+10   -1.8686e+11   -7.0110e+02
8.5600e+01   -1.1035e+11   -1.7136e+11   -7.2478e+02
8.5700e+01   -1.4982e+11   -1.4595e+11   -7.4507e+02
8.5800e+01   -1.8343e+11   -1.1144e+11   -7.6188e+02
8.5900e+01   -2.0910e+11   -6.9191e+10   -7.7510e+02
8.6000e+01   -2.2503e+11   -2.1030e+10   -7.8465e+02
8.6100e+01   -2.2988e+11   3.0802e+10   -7.9047e+02
8.6200e+01   -2.2278e+11   8.3749e+10   -7.9251e+02
8.6300e+01   -2.0349e+11   1.3506e+11   -7.9074e+02
8.6400e+01   -1.7239e+11   1.8193e+11   -7.8515e+02
8.6500e+01   -1.3048e+11   2.2164e+11   -7.7576e+02
8.6600e+01   -7.9433e+10   2.5169e+11   -7.6259e+02
8.6700e+01   -2.1462e+10   2.6999e+11   -7.4568e+02
8.6800e+01   4.0723e+10   2.7493e+11   -7.2510e+02
8.6900e+01   1.0405e+11   2.6555e+11   -7.0093e+02
8.7000e+01   1.6521e+11   2.4159e+11   -6.7326e+02
8.7100e+01   2.2085e+11   2.0353e+11   -6.4222e+02
8.7200e+01   2.6773e+11   1.5266e+11   -6.0794e+02
8.7300e+01   3.0290e+11   9.0999e+10   -5.7057e+02
8.7400e+01   3.2385e+11   2.1234e+10   -5.3027e+02
8.7500e+01   3.2875e+11   -5.3358e+10   -4.8722e+02
8.7600e+01   3.1646e+11   -1.2908e+11   -4.4161e+02
8.7700e+01   2.8673e+11   -2.0197e+11   -3.9366e+02
8.7800e+01   2.4021e+11   -2.6801e+11   -3.4359e+02
8.7900e+01   1.7848e+11   -3.2333e+11   -2.9162e+02
8.8000e+01   1.0401e+11   -3.6444e+11   -2.3799e+02
8.8100e+01   2.0067e+10   -3.8840e+11   -1.8296e+02
8.8200e+01   -6.9391e+10   -3.9302e+11   -1.2678e+02
8.8300e+01   -1.5991e+11   -3.7704e+11   -6.9725e+01
8.8400e+01   -2.4675e+11   -3.4020e+11   -1.2057e+01
8.8500e+01   -3.2511e+11   -2.8337e+11   4.5947e+01
8.8600e+01   -3.9038e+11   -2.0849e+11   1.0401e+02
8.8700e+01   -4.3840e+11   -1.1857e+11   1.6185e+02
8.8800e+01   -4.6571e+11   -1.7596e+10   2.1919e+02
8.8900e+01   -4.6976e+11   8.9669e+10   2.7575e+02
8.9000e+01   -4.4911e+11   1.9787e+11   3.3125e+02
8.9100e+01   -4.0354e+11   3.0131e+11   3.8543e+02
8.9200e+01   -3.3414e+11   3.9425e+11   4.3801e+02
8.9300e+01   -2.4333e+11   4.7122e+11   4.8874e+02
8.9400e+01   -1.3480e+11   5.2726e+11   5.3736e+02
8.9500e+01   -1.3353e+10   5.5831e+11   5.8362e+02
8.9600e+01   1.1524e+11   5.6138e+11   6.2729e+02
8.9700e+01   2.4454e+11   5.3484e+11   6.6816e+02
8.9800e+01   3.6773e+11   4.7852e+11   7.0600e+02
8.9900e+01   4.7794e+11   3.9382e+11   7.4063e+02
9.0000e+01   5.6865e+11   2.8373e+11   7.7186e+02
9.0100e+01   6.3400e+11   1.5276e+11   7.9952e+02
9.0200e+01   6.6919e+11   6.7314e+09   8.2346e+02
9.0300e+01   6.7074e+11   -1.4740e+11   8.4355e+02
9.0400e+01   6.3679e+11   -3.0189e+11   8.5968e+02
9.0500e+01   5.6725e+11   -4.4856e+11   8.7174e+02
9.0600e+01   4.6394e+11   -5.7921e+11   8.7967e+02
9.0700e+01   3.3053e+11   -6.8607e+11   8.8340e+02
9.0800e+01   1.7251e+11   -7.6220e+11   8.8289e+02
9.0900e+01   -3.0432e+09   -8.0193e+11   8.7812e+02
9.1000e+01   -1.8775e+11   -8.0123e+11   8.6911e+02
9.1100e+01   -3.7229e+11   -7.5799e+11   8.5587e+02
9.1200e+01   -5.4688e+11   -6.7224e+11   8.3844e+02
9.1300e+01   -7.0171e+11   -5.4628e+11   8.1689e+02
9.1400e+01   -8.2754e+11   -3.8465e+11   7.9130e+02
9.1500e+01   -9.1613e+11   -1.9405e+11   7.6178e+02
9.1600e+01   -9.6083e+11   1.6959e+10   7.2845e+02
9.1700e+01   -9.5692e+11   2.3826e+11   6.9145e+02
9.1800e+01   -9.0204e+11   4.5867e+11   6.5094e+02
9.1900e+01   -7.9640e+11   6.6643e+11   6.0710e+02
9.2000e+01   -6.4290e+11   8.4986e+11   5.6013e+02
9.2100e+01   -4.4716e+11   9.9794e+11   5.1023e+02
9.2200e+01   -2.1730e+11   1.1009e+12   4.5764e+02
9.2300e+01   3.6270e+10   1.1510e+12   4.0258e+02
9.2400e+01   3.0137e+11   1.1426e+12   3.4533e+02
9.2500e+01   5.6455e+11   1.0732e+12   2.8614e+02
9.2600e+01   8.1174e+11   9.4319e+11   2.2528e+02
9.2700e+01   1.0290e+12   7.5622e+11   1.6305e+02
9.2800e+01   1.2032e+12   5.1922e+11   9.9728e+01
9.2900e+01   1.3228e+12   2.4210e+11   3.5623e+01
9.3000e+01   1.3785e+12   -6.2566e+10   -2.8961e+01
9.3100e+01   1.3641e+12   -3.8007e+11   -9.3717e+01
9.3200e+01   1.2766e+12   -6.9426e+11   -1.5833e+02
9.3300e+01   1.1167e+12   -9.8829e+11   -2.2250e+02
9.3400e+01   8.8902e+11   -1.2455e+12   -2.8590e+02
9.3500e+01   6.0216e+11   -1.4502e+12   -3.4823e+02
9.3600e+01   2.6812e+11   -1.5889e+12   -4.0919e+02
9.3700e+01   -9.7851e+10   -1.6507e+12   -4.6846e+02
9.3800e+01   -4.7805e+11   -1.6282e+12   -5.2577e+02
9.3900e+01   -8.5306e+11   -1.5181e+12   -5.8082e+02
9.4000e+01   -1.2027e+12   -1.3216e+12   -6.3334e+02
9.4100e+01   -1.5071e+12   -1.0446e+12   -6.8306e+02
9.4200e+01   -1.7477e+12   -6.9743e+11   -7.2974e+02
9.4300e+01   -1.9083e+12   -2.9489e+11   -7.7312e+02
9.4400e+01   -1.9762e+12   1.4465e+11   -8.1299e+02
9.4500e+01   -1.9429e+12   5.9983e+11   -8.4913e+02
9.4600e+01   -1.8048e+12   1.0473e+12   -8.8136e+02
9.4700e+01   -1.5635e+12   1.4630e+12   -9.0951e+02
9.4800e+01   -1.2266e+12   1.8232e+12   -9.3340e+02
9.4900e+01   -8.0665e+11   2.1057e+12   -9.5292e+02
9.5000e+01   -3.2166e+11   2.2915e+12   -9.6794e+02
9.5100e+01   2.0612e+11   2.3655e+12   -9.7838e+02
9.5200e+01   7.5097e+11   2.3181e+12   -9.8415e+02
9.5300e+01   1.2849e+12   2.1451e+12   -9.8521e+02
9.5400e+01   1.7790e+12   1.8492e+12   -9.8153e+02
9.5500e+01   2.2049e+12   1.4394e+12   -9.7311e+02
9.5600e+01   2.5364e+12   9.3157e+11   -9.5996e+02
9.5700e+01   2.7510e+12   3.4737e+11   -9.4212e+02
9.5800e+01   2.8310e+12   -2.8625e+11   -9.1967e+02
9.5900e+01   2.7650e+12   -9.3830e+11   -8.9267e+02
9.6000e+01   2.5489e+12   -1.5752e+12   -8.6125e+02
9.6100e+01   2.1861e+12   -2.1622e+12   -8.2552e+02
9.6200e+01   1.6881e+12   -2.6658e+12   -7.8565e+02
9.6300e+01   1.0741e+12   -3.0546e+12   -7.4181e+02
9.6400e+01   3.7056e+11   -3.3020e+12   -6.9418e+02
9.6500e+01   -3.8998e+11   -3.3873e+12   -6.4298e+02
9.6600e+01   -1.1702e+12   -3.2975e+12   -5.8843e+02
9.6700e+01   -1.9297e+12   -3.0280e+12   -5.3079e+02
9.6800e+01   -2.6271e+12   -2.5835e+12   -4.7032e+02
9.6900e+01   -3.2222e+12   -1.9784e+12   -4.0729e+02
9.7000e+01   -3.6778e+12   -1.2363e+12   -3.4199e+02
9.7100e+01   -3.9626e+12   -3.8919e+11   -2.7474e+02
9.7200e+01   -4.0522e+12   5.2350e+11   -2.0583e+02
9.7300e+01   -3.9317e+12   1.4568e+12   -1.3561e+02
9.7400e+01   -3.5961e+12   2.3624e+12   -6.4390e+01
9.7500e+01   -3.0520e+12   3.1907e+12   7.4803e+00
9.7600e+01   -2.3171e+12   3.8936e+12   7.9661e+01
9.7700e+01   -1.4203e+12   4.4273e+12   1.5181e+02
9.7800e+01   -4.0054e+11   4.7545e+12   2.2357e+02
9.7900e+01   6.9453e+11   4.8467e+12   2.9460e+02
9.8000e+01   1.8109e+12   4.6867e+12   3.6455e+02
9.8100e+01   2.8903e+12   4.2697e+12   4.3309e+02
9.8200e+01   3.8738e+12   3.6039e+12   4.9986e+02
9.8300e+01   4.7038e+12   2.7117e+12   5.6456e+02
9.8400e+01   5.3284e+12   1.6283e+12   6.2684e+02
9.8500e+01   5.7035e+12   4.0101e+11   6.8641e+02
9.8600e+01   5.7958e+12   -9.1265e+11   7.4296e+02
9.8700e+01   5.5856e+12   -2.2476e+12   7.9621e+02
9.8800e+01   5.0679e+12   -3.5341e+12   8.4587e+02
9.8900e+01   4.2539e+12   -4.7014e+12   8.9170e+02
9.9000e+01   3.1711e+12   -5.6812e+12   9.3346e+02
9.9100e+01   1.8626e+12   -6.4116e+12   9.7093e+02
9.9200e+01   3.8581e+11   -6.8405e+12   1.0039e+03
9.9300e+01   -1.1898e+12   -6.9294e+12   1.0322e+03
9.9400e+01   -2.7858e+12   -6.6554e+12   1.0556e+03
9.9500e+01   -4.3187e+12   -6.0137e+12   1.0741e+03
9.9600e+01   -5.7038e+12   -5.0190e+12   1.0875e+03
9.9700e+01   -6.8598e+12   -3.7053e+12   1.0958e+03
9.9800e+01   -7.7133e+12   -2.1253e+12   1.0988e+03
9.9900e+01   -8.2028e+12   -3.4872e+11   1.0965e+03
