2.000000e-01   0.010000
2.200000e-01   0.000000
2.400000e-01   0.020000
2.600000e-01   0.000000
2.800000e-01   0.000000
3.000000e-01   0.000000
3.200000e-01   0.010000
3.400000e-01   0.000000
3.600000e-01   0.000000
3.800000e-01   0.000000
4.000000e-01   0.060000
4.200000e-01   0.000000
4.400000e-01   0.000000
4.600000e-01   0.000000
4.800000e-01   0.000000
5.000000e-01   0.000000
5.200000e-01   0.010000
5.400000e-01   0.000000
5.600000e-01   0.000000
5.800000e-01   0.000000
6.000000e-01   0.030000
6.200000e-01   0.000000
6.400000e-01   0.000000
6.600000e-01   0.010000
6.800000e-01   0.000000
7.000000e-01   0.040000
7.200000e-01   0.000000
7.400000e-01   0.000000
7.600000e-01   0.000000
7.800000e-01   0.000000
8.000000e-01   0.000000
8.200000e-01   0.000000
8.400000e-01   0.010000
8.600000e-01   0.000000
8.800000e-01   0.000000
9.000000e-01   0.000000
9.200000e-01   0.000000
9.400000e-01   0.000000
9.600000e-01   0.030000
9.800000e-01   0.000000
1.000000e+00   0.000000
1.020000e+00   0.040000
1.040000e+00   0.000000
1.060000e+00   0.000000
1.080000e+00   0.000000
1.100000e+00   0.000000
1.120000e+00   0.000000
1.140000e+00   0.010000
1.160000e+00   0.000000
1.180000e+00   0.000000
1.200000e+00   0.000000
1.220000e+00   0.010000
1.240000e+00   0.000000
1.260000e+00   0.000000
1.280000e+00   0.000000
1.300000e+00   0.000000
1.320000e+00   0.000000
1.340000e+00   0.000000
1.360000e+00   0.010000
1.380000e+00   0.010000
1.400000e+00   0.050000
1.420000e+00   0.000000
1.440000e+00   0.090000
1.460000e+00   0.000000
1.480000e+00   0.000000
1.500000e+00   0.000000
1.520000e+00   0.010000
1.540000e+00   0.000000
1.560000e+00   0.010000
1.580000e+00   0.160000
1.600000e+00   0.000000
1.620000e+00   0.000000
1.640000e+00   0.040000
1.660000e+00   0.000000
1.680000e+00   0.000000
1.700000e+00   0.000000
1.720000e+00   0.000000
1.740000e+00   0.040000
1.760000e+00   0.000000
1.780000e+00   0.000000
1.800000e+00   0.000000
1.820000e+00   0.000000
1.840000e+00   0.000000
1.860000e+00   0.000000
1.880000e+00   0.000000
1.900000e+00   0.000000
1.920000e+00   0.040000
1.940000e+00   0.000000
1.960000e+00   0.000000
1.980000e+00   0.000000
2.000000e+00   0.000000
2.020000e+00   0.000000
2.040000e+00   0.000000
2.060000e+00   0.000000
2.080000e+00   0.040000
2.100000e+00   0.000000
2.120000e+00   0.000000
2.140000e+00   0.000000
2.160000e+00   0.090000
2.180000e+00   0.000000
2.200000e+00   0.010000
2.220000e+00   0.000000
2.240000e+00   0.020000
2.260000e+00   0.000000
2.280000e+00   0.000000
2.300000e+00   0.000000
2.320000e+00   0.010000
2.340000e+00   0.010000
2.360000e+00   0.000000
2.380000e+00   0.010000
2.400000e+00   0.000000
2.420000e+00   0.010000
2.440000e+00   0.000000
2.460000e+00   0.000000
2.480000e+00   0.000000
