0.0000e+00   1.0000e+01   0.0000e+00   1.0000e+01
1.0000e-01   1.0000e+01   1.0000e+00   1.0000e+01
2.0000e-01   1.0265e+01   2.0000e+00   9.9518e+00
3.0000e-01   1.0795e+01   2.9386e+00   9.8555e+00
4.0000e-01   1.1575e+01   3.7545e+00   9.7113e+00
5.0000e-01   1.2578e+01   4.3896e+00   9.5196e+00
6.0000e-01   1.3762e+01   4.7922e+00   9.2811e+00
7.0000e-01   1.5072e+01   4.9204e+00   8.9968e+00
8.0000e-01   1.6447e+01   4.7445e+00   8.6678e+00
9.0000e-01   1.7816e+01   4.2494e+00   8.2955e+00
1.0000e+00   1.9105e+01   3.4362e+00   7.8814e+00
1.1000e+00   2.0242e+01   2.3227e+00   7.4274e+00
1.2000e+00   2.1156e+01   9.4392e-01   6.9355e+00
1.3000e+00   2.1787e+01   -6.4939e-01   6.4077e+00
1.4000e+00   2.2085e+01   -2.3924e+00   5.8466e+00
1.5000e+00   2.2016e+01   -4.2087e+00   5.2546e+00
1.6000e+00   2.1563e+01   -6.0142e+00   4.6345e+00
1.7000e+00   2.0728e+01   -7.7207e+00   3.9890e+00
1.8000e+00   1.9534e+01   -9.2408e+00   3.3212e+00
1.9000e+00   1.8025e+01   -1.0492e+01   2.6343e+00
2.0000e+00   1.6260e+01   -1.1402e+01   1.9313e+00
2.1000e+00   1.4321e+01   -1.1912e+01   1.2156e+00
2.2000e+00   1.2297e+01   -1.1983e+01   4.9068e-01
2.3000e+00   1.0291e+01   -1.1595e+01   -2.4013e-01
2.4000e+00   8.4080e+00   -1.0753e+01   -9.7331e-01
2.5000e+00   6.7524e+00   -9.4856e+00   -1.7053e+00
2.6000e+00   5.4223e+00   -7.8454e+00   -2.4327e+00
2.7000e+00   4.5033e+00   -5.9078e+00   -3.1518e+00
2.8000e+00   4.0640e+00   -3.7678e+00   -3.8592e+00
2.9000e+00   4.1507e+00   -1.5362e+00   -4.5514e+00
3.0000e+00   4.7846e+00   6.6543e-01   -5.2250e+00
3.1000e+00   5.9586e+00   2.7107e+00   -5.8768e+00
3.2000e+00   7.6365e+00   4.4750e+00   -6.5033e+00
3.3000e+00   9.7536e+00   5.8417e+00   -7.1016e+00
3.4000e+00   1.2218e+01   6.7094e+00   -7.6685e+00
3.5000e+00   1.4915e+01   6.9979e+00   -8.2013e+00
3.6000e+00   1.7711e+01   6.6530e+00   -8.6971e+00
3.7000e+00   2.0460e+01   5.6519e+00   -9.1534e+00
3.8000e+00   2.3010e+01   4.0049e+00   -9.5679e+00
3.9000e+00   2.5213e+01   1.7575e+00   -9.9382e+00
4.0000e+00   2.6930e+01   -1.0108e+00   -1.0263e+01
4.1000e+00   2.8042e+01   -4.1883e+00   -1.0539e+01
4.2000e+00   2.8453e+01   -7.6358e+00   -1.0766e+01
4.3000e+00   2.8102e+01   -1.1192e+01   -1.0942e+01
4.4000e+00   2.6962e+01   -1.4683e+01   -1.1067e+01
4.5000e+00   2.5050e+01   -1.7926e+01   -1.1138e+01
4.6000e+00   2.2423e+01   -2.0744e+01   -1.1157e+01
4.7000e+00   1.9176e+01   -2.2972e+01   -1.1122e+01
4.8000e+00   1.5448e+01   -2.4469e+01   -1.1033e+01
4.9000e+00   1.1405e+01   -2.5124e+01   -1.0890e+01
5.0000e+00   7.2414e+00   -2.4863e+01   -1.0694e+01
5.1000e+00   3.1682e+00   -2.3661e+01   -1.0446e+01
5.2000e+00   -5.9811e-01   -2.1538e+01   -1.0147e+01
5.3000e+00   -3.8456e+00   -1.8565e+01   -9.7970e+00
5.4000e+00   -6.3787e+00   -1.4862e+01   -9.3982e+00
5.5000e+00   -8.0294e+00   -1.0594e+01   -8.9523e+00
5.6000e+00   -8.6678e+00   -5.9640e+00   -8.4612e+00
5.7000e+00   -8.2107e+00   -1.2059e+00   -7.9269e+00
5.8000e+00   -6.6288e+00   3.4278e+00   -7.3518e+00
5.9000e+00   -3.9510e+00   7.6777e+00   -6.7386e+00
6.0000e+00   -2.6591e-01   1.1291e+01   -6.0900e+00
6.1000e+00   4.2797e+00   1.4036e+01   -5.4090e+00
6.2000e+00   9.4856e+00   1.5713e+01   -4.6986e+00
6.3000e+00   1.5106e+01   1.6171e+01   -3.9622e+00
6.4000e+00   2.0859e+01   1.5313e+01   -3.2031e+00
6.5000e+00   2.6442e+01   1.3109e+01   -2.4250e+00
6.6000e+00   3.1544e+01   9.5973e+00   -1.6314e+00
6.7000e+00   3.5864e+01   4.8889e+00   -8.2616e-01
6.8000e+00   3.9127e+01   -8.3675e-01   -1.3064e-02
6.9000e+00   4.1098e+01   -7.3362e+00   8.0401e-01
7.0000e+00   4.1598e+01   -1.4312e+01   1.6211e+00
7.1000e+00   4.0517e+01   -2.1426e+01   2.4344e+00
7.2000e+00   3.7823e+01   -2.8314e+01   3.2399e+00
7.3000e+00   3.3569e+01   -3.4606e+01   4.0336e+00
7.4000e+00   2.7890e+01   -3.9941e+01   4.8117e+00
7.5000e+00   2.1008e+01   -4.3992e+01   5.5705e+00
7.6000e+00   1.3218e+01   -4.6482e+01   6.3060e+00
7.7000e+00   4.8785e+00   -4.7202e+01   7.0147e+00
7.8000e+00   -3.6024e+00   -4.6026e+01   7.6931e+00
7.9000e+00   -1.1788e+01   -4.2922e+01   8.3376e+00
8.0000e+00   -1.9236e+01   -3.7958e+01   8.9451e+00
8.1000e+00   -2.5516e+01   -3.1304e+01   9.5125e+00
8.2000e+00   -3.0241e+01   -2.3229e+01   1.0037e+01
8.3000e+00   -3.3083e+01   -1.4091e+01   1.0515e+01
8.4000e+00   -3.3797e+01   -4.3260e+00   1.0945e+01
8.5000e+00   -3.2240e+01   5.5776e+00   1.1325e+01
8.6000e+00   -2.8379e+01   1.5096e+01   1.1652e+01
8.7000e+00   -2.2305e+01   2.3698e+01   1.1924e+01
8.8000e+00   -1.4227e+01   3.0874e+01   1.2140e+01
8.9000e+00   -4.4756e+00   3.6162e+01   1.2299e+01
9.0000e+00   6.5150e+00   3.9176e+01   1.2399e+01
9.1000e+00   1.8221e+01   3.9631e+01   1.2440e+01
9.2000e+00   3.0051e+01   3.7362e+01   1.2422e+01
9.3000e+00   4.1380e+01   3.2340e+01   1.2343e+01
9.4000e+00   5.1571e+01   2.4680e+01   1.2205e+01
9.5000e+00   6.0018e+01   1.4644e+01   1.2007e+01
9.6000e+00   6.6172e+01   2.6332e+00   1.1750e+01
9.7000e+00   6.9579e+01   -1.0824e+01   1.1436e+01
9.8000e+00   6.9906e+01   -2.5095e+01   1.1065e+01
9.9000e+00   6.6963e+01   -3.9470e+01   1.0639e+01
1.0000e+01   6.0728e+01   -5.3198e+01   1.0159e+01
1.0100e+01   5.1348e+01   -6.5519e+01   9.6287e+00
1.0200e+01   3.9148e+01   -7.5710e+01   9.0492e+00
1.0300e+01   2.4618e+01   -8.3121e+01   8.4233e+00
1.0400e+01   8.3974e+00   -8.7216e+01   7.7539e+00
1.0500e+01   -8.7497e+00   -8.7605e+01   7.0439e+00
1.0600e+01   -2.5970e+01   -8.4076e+01   6.2965e+00
1.0700e+01   -4.2362e+01   -7.6611e+01   5.5152e+00
1.0800e+01   -5.7019e+01   -6.5402e+01   4.7036e+00
1.0900e+01   -6.9079e+01   -5.0848e+01   3.8655e+00
1.1000e+01   -7.7772e+01   -3.3548e+01   3.0046e+00
1.1100e+01   -8.2466e+01   -1.4277e+01   2.1252e+00
1.1200e+01   -8.2707e+01   6.0431e+00   1.2313e+00
1.1300e+01   -7.8254e+01   2.6387e+01   3.2719e-01
1.1400e+01   -6.9102e+01   4.5673e+01   -5.8287e-01
1.1500e+01   -5.5494e+01   6.2820e+01   -1.4945e+00
1.1600e+01   -3.7925e+01   7.6799e+01   -2.4033e+00
1.1700e+01   -1.7122e+01   8.6700e+01   -3.3050e+00
1.1800e+01   5.9724e+00   9.1776e+01   -4.1950e+00
1.1900e+01   3.0248e+01   9.1501e+01   -5.0692e+00
1.2000e+01   5.4472e+01   8.5601e+01   -5.9231e+00
1.2100e+01   7.7348e+01   7.4089e+01   -6.7527e+00
1.2200e+01   9.7584e+01   5.7276e+01   -7.5537e+00
1.2300e+01   1.1396e+02   3.5768e+01   -8.3221e+00
1.2400e+01   1.2539e+02   1.0455e+01   -9.0543e+00
1.2500e+01   1.3100e+02   -1.7523e+01   -9.7463e+00
1.2600e+01   1.3017e+02   -4.6827e+01   -1.0395e+01
1.2700e+01   1.2261e+02   -7.5974e+01   -1.0996e+01
1.2800e+01   1.0833e+02   -1.0341e+02   -1.1548e+01
1.2900e+01   8.7753e+01   -1.2760e+02   -1.2046e+01
1.3000e+01   6.1609e+01   -1.4708e+02   -1.2489e+01
1.3100e+01   3.0986e+01   -1.6057e+02   -1.2874e+01
1.3200e+01   -2.7371e+00   -1.6704e+02   -1.3199e+01
1.3300e+01   -3.7944e+01   -1.6578e+02   -1.3461e+01
1.3400e+01   -7.2853e+01   -1.5644e+02   -1.3661e+01
1.3500e+01   -1.0561e+02   -1.3910e+02   -1.3795e+01
1.3600e+01   -1.3436e+02   -1.1424e+02   -1.3863e+01
1.3700e+01   -1.5738e+02   -8.2803e+01   -1.3866e+01
1.3800e+01   -1.7316e+02   -4.6094e+01   -1.3801e+01
1.3900e+01   -1.8047e+02   -5.7864e+00   -1.3670e+01
1.4000e+01   -1.7850e+02   3.6172e+01   -1.3472e+01
1.4100e+01   -1.6686e+02   7.7641e+01   -1.3208e+01
1.4200e+01   -1.4566e+02   1.1639e+02   -1.2879e+01
1.4300e+01   -1.1554e+02   1.5023e+02   -1.2487e+01
1.4400e+01   -7.7614e+01   1.7710e+02   -1.2033e+01
1.4500e+01   -3.3502e+01   1.9519e+02   -1.1519e+01
1.4600e+01   1.4780e+01   2.0309e+02   -1.0947e+01
1.4700e+01   6.4883e+01   1.9983e+02   -1.0319e+01
1.4800e+01   1.1424e+02   1.8500e+02   -9.6384e+00
1.4900e+01   1.6018e+02   1.5877e+02   -8.9082e+00
1.5000e+01   2.0008e+02   1.2192e+02   -8.1317e+00
1.5100e+01   2.3149e+02   7.5846e+01   -7.3122e+00
1.5200e+01   2.5229e+02   2.2503e+01   -6.4536e+00
1.5300e+01   2.6080e+02   -3.5667e+01   -5.5598e+00
1.5400e+01   2.5592e+02   -9.5832e+01   -4.6348e+00
1.5500e+01   2.3717e+02   -1.5491e+02   -3.6832e+00
1.5600e+01   2.0482e+02   -2.0970e+02   -2.7092e+00
1.5700e+01   1.5985e+02   -2.5707e+02   -1.7174e+00
1.5800e+01   1.0396e+02   -2.9413e+02   -7.1265e-01
1.5900e+01   3.9537e+01   -3.1834e+02   3.0041e-01
1.6000e+01   -3.0467e+01   -3.2775e+02   1.3169e+00
1.6100e+01   -1.0264e+02   -3.2107e+02   2.3319e+00
1.6200e+01   -1.7328e+02   -2.9780e+02   3.3406e+00
1.6300e+01   -2.3857e+02   -2.5830e+02   4.3381e+00
1.6400e+01   -2.9476e+02   -2.0379e+02   5.3195e+00
1.6500e+01   -3.3840e+02   -1.3638e+02   6.2800e+00
1.6600e+01   -3.6651e+02   -5.8950e+01   7.2148e+00
1.6700e+01   -3.7680e+02   2.4922e+01   8.1195e+00
1.6800e+01   -3.6778e+02   1.1113e+02   8.9894e+00
1.6900e+01   -3.3891e+02   1.9522e+02   9.8201e+00
1.7000e+01   -2.9067e+02   2.7264e+02   1.0608e+01
1.7100e+01   -2.2461e+02   3.3890e+02   1.1348e+01
1.7200e+01   -1.4330e+02   3.8992e+02   1.2037e+01
1.7300e+01   -5.0242e+01   4.2217e+02   1.2671e+01
1.7400e+01   5.0237e+01   4.3296e+02   1.3248e+01
1.7500e+01   1.5319e+02   4.2057e+02   1.3763e+01
1.7600e+01   2.5329e+02   3.8443e+02   1.4215e+01
1.7700e+01   3.4505e+02   3.2521e+02   1.4601e+01
1.7800e+01   4.2316e+02   2.4482e+02   1.4918e+01
1.7900e+01   4.8274e+02   1.4640e+02   1.5164e+01
1.8000e+01   5.1965e+02   3.4224e+01   1.5339e+01
1.8100e+01   5.3070e+02   -8.6485e+01   1.5441e+01
1.8200e+01   5.1395e+02   -2.0977e+02   1.5469e+01
1.8300e+01   4.6879e+02   -3.2924e+02   1.5422e+01
1.8400e+01   3.9610e+02   -4.3833e+02   1.5301e+01
1.8500e+01   2.9827e+02   -5.3072e+02   1.5106e+01
1.8600e+01   1.7915e+02   -6.0060e+02   1.4837e+01
1.8700e+01   4.3925e+01   -6.4308e+02   1.4496e+01
1.8800e+01   -1.0110e+02   -6.5445e+02   1.4083e+01
1.8900e+01   -2.4876e+02   -6.3245e+02   1.3600e+01
1.9000e+01   -3.9136e+02   -5.7647e+02   1.3049e+01
1.9100e+01   -5.2108e+02   -4.8767e+02   1.2433e+01
1.9200e+01   -6.3036e+02   -3.6903e+02   1.1754e+01
1.9300e+01   -7.1234e+02   -2.2525e+02   1.1015e+01
1.9400e+01   -7.6121e+02   -6.2627e+01   1.0219e+01
1.9500e+01   -7.7264e+02   1.1123e+02   9.3709e+00
1.9600e+01   -7.4404e+02   2.8768e+02   8.4731e+00
1.9700e+01   -6.7481e+02   4.5751e+02   7.5302e+00
1.9800e+01   -5.6649e+02   6.1137e+02   6.5465e+00
1.9900e+01   -4.2274e+02   7.4025e+02   5.5266e+00
2.0000e+01   -2.4932e+02   8.3599e+02   4.4751e+00
2.0100e+01   -5.3874e+01   8.9176e+02   3.3970e+00
2.0200e+01   1.5440e+02   9.0248e+02   2.2974e+00
2.0300e+01   3.6513e+02   8.6520e+02   1.1814e+00
2.0400e+01   5.6725e+02   7.7935e+02   5.4333e-02
2.0500e+01   7.4959e+02   6.4691e+02   -1.0784e+00
2.0600e+01   9.0140e+02   4.7246e+02   -2.2114e+00
2.0700e+01   1.0130e+03   2.6300e+02   -3.3392e+00
2.0800e+01   1.0764e+03   2.7813e+01   -4.4564e+00
2.0900e+01   1.0855e+03   -2.2200e+02   -5.5575e+00
2.1000e+01   1.0371e+03   -4.7394e+02   -6.6371e+00
2.1100e+01   9.3066e+02   -7.1477e+02   -7.6900e+00
2.1200e+01   7.6872e+02   -9.3111e+02   -8.7109e+00
2.1300e+01   5.5693e+02   -1.1102e+03   -9.6948e+00
2.1400e+01   3.0388e+02   -1.2405e+03   -1.0637e+01
2.1500e+01   2.0786e+01   -1.3125e+03   -1.1532e+01
2.1600e+01   -2.7892e+02   -1.3194e+03   -1.2376e+01
2.1700e+01   -5.8024e+02   -1.2573e+03   -1.3164e+01
2.1800e+01   -8.6726e+02   -1.1258e+03   -1.3893e+01
2.1900e+01   -1.1240e+03   -9.2822e+02   -1.4559e+01
2.2000e+01   -1.3353e+03   -6.7153e+02   -1.5157e+01
2.2100e+01   -1.4875e+03   -3.6620e+02   -1.5686e+01
2.2200e+01   -1.5694e+03   -2.5848e+01   -1.6141e+01
2.2300e+01   -1.5729e+03   3.3334e+02   -1.6521e+01
2.2400e+01   -1.4937e+03   6.9331e+02   -1.6823e+01
2.2500e+01   -1.3316e+03   1.0350e+03   -1.7046e+01
2.2600e+01   -1.0908e+03   1.3394e+03   -1.7188e+01
2.2700e+01   -7.7998e+02   1.5882e+03   -1.7247e+01
2.2800e+01   -4.1184e+02   1.7655e+03   -1.7224e+01
2.2900e+01   -2.9114e+00   1.8579e+03   -1.7118e+01
2.3000e+01   4.2728e+02   1.8561e+03   -1.6929e+01
2.3100e+01   8.5704e+02   1.7552e+03   -1.6657e+01
2.3200e+01   1.2635e+03   1.5553e+03   -1.6304e+01
2.3300e+01   1.6240e+03   1.2618e+03   -1.5870e+01
2.3400e+01   1.9168e+03   8.8518e+02   -1.5359e+01
2.3500e+01   2.1228e+03   4.4113e+02   -1.4770e+01
2.3600e+01   2.2265e+03   -5.0395e+01   -1.4108e+01
2.3700e+01   2.2170e+03   -5.6583e+02   -1.3374e+01
2.3800e+01   2.0887e+03   -1.0791e+03   -1.2573e+01
2.3900e+01   1.8422e+03   -1.5628e+03   -1.1707e+01
2.4000e+01   1.4843e+03   -1.9898e+03   -1.0781e+01
2.4100e+01   1.0279e+03   -2.3344e+03   -9.7984e+00
2.4200e+01   4.9220e+02   -2.5739e+03   -8.7638e+00
2.4300e+01   -9.8706e+01   -2.6900e+03   -7.6820e+00
2.4400e+01   -7.1639e+02   -2.6700e+03   -6.5580e+00
2.4500e+01   -1.3295e+03   -2.5078e+03   -5.3970e+00
2.4600e+01   -1.9053e+03   -2.2044e+03   -4.2045e+00
2.4700e+01   -2.4112e+03   -1.7683e+03   -2.9859e+00
2.4800e+01   -2.8167e+03   -1.2158e+03   -1.7471e+00
2.4900e+01   -3.0950e+03   -5.6992e+02   -4.9394e-01
2.5000e+01   -3.2245e+03   1.4006e+02   7.6765e-01
2.5100e+01   -3.1906e+03   8.7987e+02   2.0316e+00
2.5200e+01   -2.9863e+03   1.6118e+03   3.2919e+00
2.5300e+01   -2.6134e+03   2.2967e+03   4.5424e+00
2.5400e+01   -2.0828e+03   2.8957e+03   5.7770e+00
2.5500e+01   -1.4143e+03   3.3725e+03   6.9898e+00
2.5600e+01   -6.3597e+02   3.6953e+03   8.1747e+00
2.5700e+01   2.1665e+02   3.8387e+03   9.3260e+00
2.5800e+01   1.1023e+03   3.7858e+03   1.0438e+01
2.5900e+01   1.9757e+03   3.5289e+03   1.1505e+01
2.6000e+01   2.7899e+03   3.0708e+03   1.2522e+01
2.6100e+01   3.4986e+03   2.4252e+03   1.3483e+01
2.6200e+01   4.0585e+03   1.6163e+03   1.4384e+01
2.6300e+01   4.4321e+03   6.7843e+02   1.5220e+01
2.6400e+01   4.5896e+03   -3.4550e+02   1.5987e+01
2.6500e+01   4.5113e+03   -1.4057e+03   1.6681e+01
2.6600e+01   4.1888e+03   -2.4479e+03   1.7297e+01
2.6700e+01   3.6261e+03   -3.4158e+03   1.7833e+01
2.6800e+01   2.8405e+03   -4.2542e+03   1.8286e+01
2.6900e+01   1.8618e+03   -4.9116e+03   1.8653e+01
2.7000e+01   7.3159e+02   -5.3436e+03   1.8932e+01
2.7100e+01   -4.9813e+02   -5.5153e+03   1.9122e+01
2.7200e+01   -1.7674e+03   -5.4037e+03   1.9220e+01
2.7300e+01   -3.0111e+03   -4.9998e+03   1.9225e+01
2.7400e+01   -4.1617e+03   -4.3095e+03   1.9139e+01
2.7500e+01   -5.1534e+03   -3.3542e+03   1.8960e+01
2.7600e+01   -5.9251e+03   -2.1705e+03   1.8688e+01
2.7700e+01   -6.4241e+03   -8.0902e+02   1.8326e+01
2.7800e+01   -6.6097e+03   6.6737e+02   1.7873e+01
2.7900e+01   -6.4552e+03   2.1865e+03   1.7332e+01
2.8000e+01   -5.9508e+03   3.6700e+03   1.6705e+01
2.8100e+01   -5.1048e+03   5.0374e+03   1.5994e+01
2.8200e+01   -3.9439e+03   6.2099e+03   1.5204e+01
2.8300e+01   -2.5129e+03   7.1149e+03   1.4336e+01
2.8400e+01   -8.7356e+02   7.6904e+03   1.3394e+01
2.8500e+01   8.9833e+02   7.8883e+03   1.2384e+01
2.8600e+01   2.7158e+03   7.6781e+03   1.1310e+01
2.8700e+01   4.4847e+03   7.0493e+03   1.0175e+01
2.8800e+01   6.1089e+03   6.0130e+03   8.9865e+00
2.8900e+01   7.4943e+03   4.6026e+03   7.7488e+00
2.9000e+01   8.5548e+03   2.8732e+03   6.4677e+00
2.9100e+01   9.2169e+03   8.9946e+02   5.1493e+00
2.9200e+01   9.4244e+03   -1.2268e+03   3.7998e+00
2.9300e+01   9.1422e+03   -3.4008e+03   2.4255e+00
2.9400e+01   8.3591e+03   -5.5098e+03   1.0329e+00
2.9500e+01   7.0903e+03   -7.4385e+03   -3.7141e-01
2.9600e+01   5.3772e+03   -9.0749e+03   -1.7807e+00
2.9700e+01   3.2871e+03   -1.0317e+04   -3.1881e+00
2.9800e+01   9.1103e+02   -1.1077e+04   -4.5871e+00
2.9900e+01   -1.6403e+03   -1.1290e+04   -5.9706e+00
3.0000e+01   -4.2407e+03   -1.0916e+04   -7.3321e+00
3.0100e+01   -6.7549e+03   -9.9426e+03   -8.6648e+00
3.0200e+01   -9.0450e+03   -8.3902e+03   -9.9622e+00
3.0300e+01   -1.0978e+04   -6.3102e+03   -1.1218e+01
3.0400e+01   -1.2431e+04   -3.7851e+03   -1.2426e+01
3.0500e+01   -1.3303e+04   -9.2530e+02   -1.3579e+01
3.0600e+01   -1.3516e+04   2.1354e+03   -1.4673e+01
3.0700e+01   -1.3025e+04   5.2452e+03   -1.5702e+01
3.0800e+01   -1.1817e+04   8.2417e+03   -1.6659e+01
3.0900e+01   -9.9187e+03   1.0960e+04   -1.7541e+01
3.1000e+01   -7.3946e+03   1.3241e+04   -1.8343e+01
3.1100e+01   -4.3451e+03   1.4941e+04   -1.9061e+01
3.1200e+01   -9.0414e+02   1.5939e+04   -1.9690e+01
3.1300e+01   2.7665e+03   1.6143e+04   -2.0227e+01
3.1400e+01   6.4844e+03   1.5503e+04   -2.0670e+01
3.1500e+01   1.0055e+04   1.4006e+04   -2.1015e+01
3.1600e+01   1.3280e+04   1.1687e+04   -2.1261e+01
3.1700e+01   1.5971e+04   8.6248e+03   -2.1405e+01
3.1800e+01   1.7957e+04   4.9429e+03   -2.1447e+01
3.1900e+01   1.9095e+04   8.0354e+02   -2.1386e+01
3.2000e+01   1.9280e+04   -3.5979e+03   -2.1222e+01
3.2100e+01   1.8450e+04   -8.0418e+03   -2.0954e+01
3.2200e+01   1.6597e+04   -1.2295e+04   -2.0585e+01
3.2300e+01   1.3765e+04   -1.6121e+04   -2.0114e+01
3.2400e+01   1.0051e+04   -1.9294e+04   -1.9545e+01
3.2500e+01   5.6061e+03   -2.1613e+04   -1.8878e+01
3.2600e+01   6.2729e+02   -2.2907e+04   -1.8118e+01
3.2700e+01   -4.6497e+03   -2.3055e+04   -1.7266e+01
3.2800e+01   -9.9608e+03   -2.1987e+04   -1.6328e+01
3.2900e+01   -1.5026e+04   -1.9696e+04   -1.5306e+01
3.3000e+01   -1.9564e+04   -1.6239e+04   -1.4205e+01
3.3100e+01   -2.3305e+04   -1.1736e+04   -1.3031e+01
3.3200e+01   -2.6009e+04   -6.3712e+03   -1.1788e+01
3.3300e+01   -2.7477e+04   -3.8387e+02   -1.0483e+01
3.3400e+01   -2.7567e+04   5.9417e+03   -9.1210e+00
3.3500e+01   -2.6200e+04   1.2288e+04   -7.7084e+00
3.3600e+01   -2.3370e+04   1.8319e+04   -6.2519e+00
3.3700e+01   -1.9152e+04   2.3699e+04   -4.7582e+00
3.3800e+01   -1.3695e+04   2.8107e+04   -3.2345e+00
3.3900e+01   -7.2225e+03   3.1258e+04   -1.6878e+00
3.4000e+01   -2.4179e+01   3.2919e+04   -1.2554e-01
3.4100e+01   7.5565e+03   3.2921e+04   1.4448e+00
3.4200e+01   1.5138e+04   3.1178e+04   3.0158e+00
3.4300e+01   2.2317e+04   2.7688e+04   4.5798e+00
3.4400e+01   2.8693e+04   2.2545e+04   6.1293e+00
3.4500e+01   3.3884e+04   1.5933e+04   7.6568e+00
3.4600e+01   3.7553e+04   8.1253e+03   9.1547e+00
3.4700e+01   3.9423e+04   -5.2705e+02   1.0616e+01
3.4800e+01   3.9300e+04   -9.6101e+03   1.2033e+01
3.4900e+01   3.7085e+04   -1.8665e+04   1.3399e+01
3.5000e+01   3.2784e+04   -2.7209e+04   1.4706e+01
3.5100e+01   2.6515e+04   -3.4763e+04   1.5950e+01
3.5200e+01   1.8507e+04   -4.0873e+04   1.7122e+01
3.5300e+01   9.0907e+03   -4.5139e+04   1.8218e+01
3.5400e+01   -1.3077e+03   -4.7236e+04   1.9231e+01
3.5500e+01   -1.2189e+04   -4.6937e+04   2.0157e+01
3.5600e+01   -2.3002e+04   -4.4133e+04   2.0990e+01
3.5700e+01   -3.3169e+04   -3.8837e+04   2.1726e+01
3.5800e+01   -4.2116e+04   -3.1201e+04   2.2361e+01
3.5900e+01   -4.9304e+04   -2.1503e+04   2.2891e+01
3.6000e+01   -5.4259e+04   -1.0150e+04   2.3313e+01
3.6100e+01   -5.6598e+04   2.3447e+03   2.3626e+01
3.6200e+01   -5.6060e+04   1.5378e+04   2.3826e+01
3.6300e+01   -5.2520e+04   2.8288e+04   2.3912e+01
3.6400e+01   -4.6007e+04   4.0382e+04   2.3883e+01
3.6500e+01   -3.6708e+04   5.0976e+04   2.3740e+01
3.6600e+01   -2.4969e+04   5.9428e+04   2.3481e+01
3.6700e+01   -1.1283e+04   6.5176e+04   2.3108e+01
3.6800e+01   3.7262e+03   6.7773e+04   2.2622e+01
3.6900e+01   1.9334e+04   6.6912e+04   2.2025e+01
3.7000e+01   3.4743e+04   6.2456e+04   2.1318e+01
3.7100e+01   4.9126e+04   5.4451e+04   2.0506e+01
3.7200e+01   6.1666e+04   4.3134e+04   1.9591e+01
3.7300e+01   7.1598e+04   2.8928e+04   1.8577e+01
3.7400e+01   7.8259e+04   1.2435e+04   1.7469e+01
3.7500e+01   8.1120e+04   -5.5929e+03   1.6272e+01
3.7600e+01   7.9830e+04   -2.4279e+04   1.4990e+01
3.7700e+01   7.4235e+04   -4.2669e+04   1.3630e+01
3.7800e+01   6.4405e+04   -5.9770e+04   1.2198e+01
3.7900e+01   5.0636e+04   -7.4606e+04   1.0700e+01
3.8000e+01   3.3450e+04   -8.6271e+04   9.1432e+00
3.8100e+01   1.3577e+04   -9.3978e+04   7.5350e+00
3.8200e+01   -8.0712e+03   -9.7107e+04   5.8829e+00
3.8300e+01   -3.0440e+04   -9.5250e+04   4.1944e+00
3.8400e+01   -5.2381e+04   -8.8242e+04   2.4777e+00
3.8500e+01   -7.2708e+04   -7.6179e+04   7.4070e-01
3.8600e+01   -9.0257e+04   -5.9434e+04   -1.0082e+00
3.8700e+01   -1.0395e+05   -3.8648e+04   -2.7607e+00
3.8800e+01   -1.1285e+05   -1.4708e+04   -4.5083e+00
3.8900e+01   -1.1624e+05   1.1283e+04   -6.2426e+00
3.9000e+01   -1.1365e+05   3.8055e+04   -7.9552e+00
3.9100e+01   -1.0488e+05   6.4229e+04   -9.6377e+00
3.9200e+01   -9.0094e+04   8.8385e+04   -1.1282e+01
3.9300e+01   -6.9739e+04   1.0913e+05   -1.2880e+01
3.9400e+01   -4.4605e+04   1.2520e+05   -1.4423e+01
3.9500e+01   -1.5773e+04   1.3547e+05   -1.5905e+01
3.9600e+01   1.5426e+04   1.3910e+05   -1.7317e+01
3.9700e+01   4.7461e+04   1.3554e+05   -1.8652e+01
3.9800e+01   7.8678e+04   1.2461e+05   -1.9904e+01
3.9900e+01   1.0738e+05   1.0649e+05   -2.1066e+01
4.0000e+01   1.3190e+05   8.1753e+04   -2.2133e+01
4.0100e+01   1.5073e+05   5.1371e+04   -2.3098e+01
4.0200e+01   1.6256e+05   1.6653e+04   -2.3956e+01
4.0300e+01   1.6639e+05   -2.0789e+04   -2.4703e+01
4.0400e+01   1.6160e+05   -5.9115e+04   -2.5335e+01
4.0500e+01   1.4798e+05   -9.6336e+04   -2.5848e+01
4.0600e+01   1.2579e+05   -1.3042e+05   -2.6238e+01
4.0700e+01   9.5744e+04   -1.5939e+05   -2.6505e+01
4.0800e+01   5.9028e+04   -1.8145e+05   -2.6645e+01
4.0900e+01   1.7233e+04   -1.9505e+05   -2.6657e+01
4.1000e+01   -2.7694e+04   -1.9902e+05   -2.6541e+01
4.1100e+01   -7.3536e+04   -1.9264e+05   -2.6297e+01
4.1200e+01   -1.1791e+05   -1.7570e+05   -2.5924e+01
4.1300e+01   -1.5838e+05   -1.4855e+05   -2.5426e+01
4.1400e+01   -1.9260e+05   -1.1207e+05   -2.4802e+01
4.1500e+01   -2.1841e+05   -6.7709e+04   -2.4056e+01
4.1600e+01   -2.3401e+05   -1.7404e+04   -2.3190e+01
4.1700e+01   -2.3802e+05   3.6494e+04   -2.2209e+01
4.1800e+01   -2.2962e+05   9.1317e+04   -2.1116e+01
4.1900e+01   -2.0859e+05   1.4420e+05   -1.9916e+01
4.2000e+01   -1.7538e+05   1.9225e+05   -1.8614e+01
4.2100e+01   -1.3111e+05   2.3264e+05   -1.7217e+01
4.2200e+01   -7.7525e+04   2.6284e+05   -1.5729e+01
4.2300e+01   -1.6990e+04   2.8069e+05   -1.4159e+01
4.2400e+01   4.7657e+04   2.8460e+05   -1.2513e+01
4.2500e+01   1.1321e+05   2.7363e+05   -1.0799e+01
4.2600e+01   1.7623e+05   2.4755e+05   -9.0249e+00
4.2700e+01   2.3324e+05   2.0696e+05   -7.1986e+00
4.2800e+01   2.8091e+05   1.5324e+05   -5.3288e+00
4.2900e+01   3.1620e+05   8.8538e+04   -3.4243e+00
4.3000e+01   3.3659e+05   1.5708e+04   -1.4942e+00
4.3100e+01   3.4020e+05   -6.1818e+04   4.5242e-01
4.3200e+01   3.2596e+05   -1.4018e+05   2.4062e+00
4.3300e+01   2.9367e+05   -2.1525e+05   4.3579e+00
4.3400e+01   2.4409e+05   -2.8289e+05   6.2979e+00
4.3500e+01   1.7893e+05   -3.3912e+05   8.2170e+00
4.3600e+01   1.0082e+05   -3.8033e+05   1.0106e+01
4.3700e+01   1.3214e+04   -4.0355e+05   1.1955e+01
4.3800e+01   -7.9738e+04   -4.0659e+05   1.3755e+01
4.3900e+01   -1.7339e+05   -3.8823e+05   1.5498e+01
4.4000e+01   -2.6281e+05   -3.4829e+05   1.7175e+01
4.4100e+01   -3.4304e+05   -2.8776e+05   1.8777e+01
4.4200e+01   -4.0932e+05   -2.0875e+05   2.0296e+01
4.4300e+01   -4.5740e+05   -1.1447e+05   2.1725e+01
4.4400e+01   -4.8377e+05   -9.1208e+03   2.3056e+01
4.4500e+01   -4.8588e+05   1.0230e+05   2.4283e+01
4.4600e+01   -4.6232e+05   2.1421e+05   2.5399e+01
4.4700e+01   -4.1298e+05   3.2070e+05   2.6397e+01
4.4800e+01   -3.3912e+05   4.1582e+05   2.7273e+01
4.4900e+01   -2.4335e+05   4.9393e+05   2.8023e+01
4.5000e+01   -1.2959e+05   5.4998e+05   2.8640e+01
4.5100e+01   -2.9161e+03   5.7982e+05   2.9123e+01
4.5200e+01   1.3063e+05   5.8049e+05   2.9468e+01
4.5300e+01   2.6433e+05   5.5041e+05   2.9673e+01
4.5400e+01   3.9110e+05   4.8953e+05   2.9736e+01
4.5500e+01   5.0385e+05   3.9945e+05   2.9656e+01
4.5600e+01   5.9585e+05   2.8340e+05   2.9432e+01
4.5700e+01   6.6112e+05   1.4616e+05   2.9066e+01
4.5800e+01   6.9478e+05   -6.1157e+03   2.8559e+01
4.5900e+01   6.9336e+05   -1.6614e+05   2.7911e+01
4.6000e+01   6.5509e+05   -3.2584e+05   2.7125e+01
4.6100e+01   5.8004e+05   -4.7673e+05   2.6206e+01
4.6200e+01   4.7024e+05   -6.1033e+05   2.5155e+01
4.6300e+01   3.2966e+05   -7.1863e+05   2.3979e+01
4.6400e+01   1.6413e+05   -7.9456e+05   2.2681e+01
4.6500e+01   -1.8878e+04   -8.3237e+05   2.1268e+01
4.6600e+01   -2.1060e+05   -8.2802e+05   1.9745e+01
4.6700e+01   -4.0131e+05   -7.7951e+05   1.8121e+01
4.6800e+01   -5.8086e+05   -6.8708e+05   1.6401e+01
4.6900e+01   -7.3911e+05   -5.5329e+05   1.4594e+01
4.7000e+01   -8.6656e+05   -3.8305e+05   1.2707e+01
4.7100e+01   -9.5478e+05   -1.8346e+05   1.0751e+01
4.7200e+01   -9.9704e+05   3.6455e+04   8.7335e+00
4.7300e+01   -9.8865e+05   2.6610e+05   6.6641e+00
4.7400e+01   -9.2736e+05   4.9381e+05   4.5526e+00
4.7500e+01   -8.1363e+05   7.0741e+05   2.4091e+00
4.7600e+01   -6.5070e+05   8.9481e+05   2.4366e-01
4.7700e+01   -4.4460e+05   1.0447e+06   -1.9334e+00
4.7800e+01   -2.0398e+05   1.1471e+06   -4.1116e+00
4.7900e+01   6.0218e+04   1.1941e+06   -6.2805e+00
4.8000e+01   3.3524e+05   1.1802e+06   -8.4297e+00
4.8100e+01   6.0707e+05   1.1030e+06   -1.0549e+01
4.8200e+01   8.6112e+05   9.6317e+05   -1.2627e+01
4.8300e+01   1.0830e+06   7.6483e+05   -1.4654e+01
4.8400e+01   1.2591e+06   5.1540e+05   -1.6621e+01
4.8500e+01   1.3778e+06   2.2539e+05   -1.8517e+01
4.8600e+01   1.4297e+06   -9.1956e+04   -2.0333e+01
4.8700e+01   1.4085e+06   -4.2126e+05   -2.2060e+01
4.8800e+01   1.3115e+06   -7.4568e+05   -2.3689e+01
4.8900e+01   1.1398e+06   -1.0478e+06   -2.5212e+01
4.9000e+01   8.9843e+05   -1.3103e+06   -2.6620e+01
4.9100e+01   5.9664e+05   -1.5172e+06   -2.7908e+01
4.9200e+01   2.4718e+05   -1.6546e+06   -2.9067e+01
4.9300e+01   -1.3393e+05   -1.7116e+06   -3.0091e+01
4.9400e+01   -5.2815e+05   -1.6807e+06   -3.0976e+01
4.9500e+01   -9.1526e+05   -1.5591e+06   -3.1716e+01
4.9600e+01   -1.2744e+06   -1.3483e+06   -3.2307e+01
4.9700e+01   -1.5849e+06   -1.0547e+06   -3.2744e+01
4.9800e+01   -1.8278e+06   -6.8969e+05   -3.3027e+01
4.9900e+01   -1.9867e+06   -2.6868e+05   -3.3151e+01
5.0000e+01   -2.0486e+06   1.8891e+05   -3.3117e+01
5.0100e+01   -2.0051e+06   6.6075e+05   -3.2923e+01
5.0200e+01   -1.8529e+06   1.1226e+06   -3.2569e+01
5.0300e+01   -1.5943e+06   1.5493e+06   -3.2057e+01
5.0400e+01   -1.2375e+06   1.9166e+06   -3.1388e+01
5.0500e+01   -7.9605e+05   2.2016e+06   -3.0565e+01
5.0600e+01   -2.8897e+05   2.3849e+06   -2.9591e+01
5.0700e+01   2.6035e+05   2.4515e+06   -2.8469e+01
5.0800e+01   8.2499e+05   2.3915e+06   -2.7205e+01
5.0900e+01   1.3758e+06   2.2015e+06   -2.5804e+01
5.1000e+01   1.8829e+06   1.8846e+06   -2.4271e+01
5.1100e+01   2.3170e+06   1.4510e+06   -2.2615e+01
5.1200e+01   2.6512e+06   9.1730e+05   -2.0841e+01
5.1300e+01   2.8624e+06   3.0667e+05   -1.8959e+01
5.1400e+01   2.9331e+06   -3.5262e+05   -1.6977e+01
5.1500e+01   2.8518e+06   -1.0282e+06   -1.4903e+01
5.1600e+01   2.6150e+06   -1.6850e+06   -1.2747e+01
5.1700e+01   2.2269e+06   -2.2873e+06   -1.0519e+01
5.1800e+01   1.7001e+06   -2.8003e+06   -8.2306e+00
5.1900e+01   1.0551e+06   -3.1918e+06   -5.8911e+00
5.2000e+01   3.1993e+05   -3.4348e+06   -3.5119e+00
5.2100e+01   -4.7121e+05   -3.5085e+06   -1.1044e+00
5.2200e+01   -1.2793e+06   -3.4000e+06   1.3200e+00
5.2300e+01   -2.0624e+06   -3.1053e+06   3.7498e+00
5.2400e+01   -2.7777e+06   -2.6303e+06   6.1732e+00
5.2500e+01   -3.3835e+06   -1.9905e+06   8.5785e+00
5.2600e+01   -3.8420e+06   -1.2112e+06   1.0954e+01
5.2700e+01   -4.1210e+06   -3.2630e+05   1.3288e+01
5.2800e+01   -4.1961e+06   6.2287e+05   1.5570e+01
5.2900e+01   -4.0527e+06   1.5893e+06   1.7787e+01
5.3000e+01   -3.6866e+06   2.5228e+06   1.9930e+01
5.3100e+01   -3.1055e+06   3.3719e+06   2.1987e+01
5.3200e+01   -2.3289e+06   4.0872e+06   2.3948e+01
5.3300e+01   -1.3875e+06   4.6236e+06   2.5803e+01
5.3400e+01   -3.2256e+05   4.9432e+06   2.7543e+01
5.3500e+01   8.1598e+05   5.0175e+06   2.9158e+01
5.3600e+01   1.9716e+06   4.8295e+06   3.0641e+01
5.3700e+01   3.0840e+06   4.3754e+06   3.1983e+01
5.3800e+01   4.0918e+06   3.6651e+06   3.3178e+01
5.3900e+01   4.9359e+06   2.7227e+06   3.4219e+01
5.4000e+01   5.5630e+06   1.5858e+06   3.5100e+01
5.4100e+01   5.9283e+06   3.0446e+05   3.5817e+01
5.4200e+01   5.9984e+06   -1.0610e+06   3.6364e+01
5.4300e+01   5.7540e+06   -2.4426e+06   3.6739e+01
5.4400e+01   5.1915e+06   -3.7679e+06   3.6938e+01
5.4500e+01   4.3236e+06   -4.9636e+06   3.6961e+01
5.4600e+01   3.1804e+06   -5.9594e+06   3.6806e+01
5.4700e+01   1.8077e+06   -6.6920e+06   3.6473e+01
5.4800e+01   2.6640e+05   -7.1083e+06   3.5962e+01
5.4900e+01   -1.3708e+06   -7.1697e+06   3.5276e+01
5.5000e+01   -3.0222e+06   -6.8539e+06   3.4417e+01
5.5100e+01   -4.6009e+06   -6.1578e+06   3.3388e+01
5.5200e+01   -6.0192e+06   -5.0981e+06   3.2193e+01
5.5300e+01   -7.1934e+06   -3.7118e+06   3.0838e+01
5.5400e+01   -8.0483e+06   -2.0549e+06   2.9327e+01
5.5500e+01   -8.5216e+06   -2.0117e+05   2.7668e+01
5.5600e+01   -8.5680e+06   1.7616e+06   2.5868e+01
5.5700e+01   -8.1622e+06   3.7350e+06   2.3934e+01
5.5800e+01   -7.3020e+06   5.6150e+06   2.1876e+01
5.5900e+01   -6.0087e+06   7.2968e+06   1.9703e+01
5.6000e+01   -4.3280e+06   8.6808e+06   1.7424e+01
5.6100e+01   -2.3286e+06   9.6777e+06   1.5050e+01
5.6200e+01   -9.9577e+04   1.0214e+07   1.2593e+01
5.6300e+01   2.2530e+06   1.0237e+07   1.0063e+01
5.6400e+01   4.6108e+06   9.7180e+06   7.4720e+00
5.6500e+01   6.8491e+06   8.6560e+06   4.8329e+00
5.6600e+01   8.8429e+06   7.0785e+06   2.1578e+00
5.6700e+01   1.0473e+07   5.0418e+06   -5.4060e-01
5.6800e+01   1.1634e+07   2.6295e+06   -3.2494e+00
5.6900e+01   1.2240e+07   -5.0222e+04   -5.9555e+00
5.7000e+01   1.2229e+07   -2.8694e+06   -8.6460e+00
5.7100e+01   1.1568e+07   -5.6860e+06   -1.1308e+01
5.7200e+01   1.0258e+07   -8.3503e+06   -1.3928e+01
5.7300e+01   8.3347e+06   -1.0713e+07   -1.6494e+01
5.7400e+01   5.8672e+06   -1.2633e+07   -1.8992e+01
5.7500e+01   2.9575e+06   -1.3984e+07   -2.1412e+01
5.7600e+01   -2.6336e+05   -1.4665e+07   -2.3739e+01
5.7700e+01   -3.6412e+06   -1.4605e+07   -2.5964e+01
5.7800e+01   -7.0050e+06   -1.3766e+07   -2.8075e+01
5.7900e+01   -1.0176e+07   -1.2153e+07   -3.0060e+01
5.8000e+01   -1.2975e+07   -9.8088e+06   -3.1910e+01
5.8100e+01   -1.5234e+07   -6.8204e+06   -3.3615e+01
5.8200e+01   -1.6805e+07   -3.3116e+06   -3.5167e+01
5.8300e+01   -1.7568e+07   5.5903e+05   -3.6557e+01
5.8400e+01   -1.7439e+07   4.6053e+06   -3.7777e+01
5.8500e+01   -1.6378e+07   8.6219e+06   -3.8822e+01
5.8600e+01   -1.4392e+07   1.2394e+07   -3.9684e+01
5.8700e+01   -1.1538e+07   1.5709e+07   -4.0360e+01
5.8800e+01   -7.9193e+06   1.8367e+07   -4.0844e+01
5.8900e+01   -3.6890e+06   2.0191e+07   -4.1134e+01
5.9000e+01   9.6147e+05   2.1040e+07   -4.1228e+01
5.9100e+01   5.8076e+06   2.0819e+07   -4.1123e+01
5.9200e+01   1.0603e+07   1.9481e+07   -4.0820e+01
5.9300e+01   1.5090e+07   1.7039e+07   -4.0319e+01
5.9400e+01   1.9014e+07   1.3564e+07   -3.9621e+01
5.9500e+01   2.2138e+07   9.1840e+06   -3.8729e+01
5.9600e+01   2.4254e+07   4.0850e+06   -3.7646e+01
5.9700e+01   2.5195e+07   -1.5013e+06   -3.6377e+01
5.9800e+01   2.4849e+07   -7.3043e+06   -3.4926e+01
5.9900e+01   2.3166e+07   -1.3028e+07   -3.3300e+01
6.0000e+01   2.0166e+07   -1.8363e+07   -3.1506e+01
6.0100e+01   1.5936e+07   -2.3008e+07   -2.9552e+01
6.0200e+01   1.0637e+07   -2.6679e+07   -2.7446e+01
6.0300e+01   4.4920e+06   -2.9129e+07   -2.5198e+01
6.0400e+01   -2.2171e+06   -3.0163e+07   -2.2817e+01
6.0500e+01   -9.1645e+06   -2.9653e+07   -2.0315e+01
6.0600e+01   -1.5994e+07   -2.7542e+07   -1.7704e+01
6.0700e+01   -2.2338e+07   -2.3858e+07   -1.4994e+01
6.0800e+01   -2.7833e+07   -1.8713e+07   -1.2199e+01
6.0900e+01   -3.2143e+07   -1.2302e+07   -9.3323e+00
6.1000e+01   -3.4977e+07   -4.8988e+06   -6.4066e+00
6.1100e+01   -3.6105e+07   3.1573e+06   -3.4359e+00
6.1200e+01   -3.5378e+07   1.1473e+07   -4.3431e-01
6.1300e+01   -3.2735e+07   1.9622e+07   2.5838e+00
6.1400e+01   -2.8216e+07   2.7161e+07   5.6040e+00
6.1500e+01   -2.1960e+07   3.3660e+07   8.6117e+00
6.1600e+01   -1.4207e+07   3.8718e+07   1.1593e+01
6.1700e+01   -5.2891e+06   4.1990e+07   1.4532e+01
6.1800e+01   4.3824e+06   4.3209e+07   1.7415e+01
6.1900e+01   1.4335e+07   4.2199e+07   2.0229e+01
6.2000e+01   2.4054e+07   3.8898e+07   2.2958e+01
6.2100e+01   3.3013e+07   3.3357e+07   2.5591e+01
6.2200e+01   4.0696e+07   2.5753e+07   2.8112e+01
6.2300e+01   4.6628e+07   1.6380e+07   3.0511e+01
6.2400e+01   5.0401e+07   5.6403e+06   3.2774e+01
6.2500e+01   5.1700e+07   -5.9683e+06   3.4890e+01
6.2600e+01   5.0325e+07   -1.7876e+07   3.6848e+01
6.2700e+01   4.6208e+07   -2.9467e+07   3.8638e+01
6.2800e+01   3.9421e+07   -4.0110e+07   4.0251e+01
6.2900e+01   3.0182e+07   -4.9190e+07   4.1678e+01
6.3000e+01   1.8853e+07   -5.6142e+07   4.2911e+01
6.3100e+01   5.9216e+06   -6.0484e+07   4.3943e+01
6.3200e+01   -8.0095e+06   -6.1848e+07   4.4769e+01
6.3300e+01   -2.2255e+07   -6.0003e+07   4.5383e+01
6.3400e+01   -3.6075e+07   -5.4877e+07   4.5781e+01
6.3500e+01   -4.8715e+07   -4.6568e+07   4.5961e+01
6.3600e+01   -5.9441e+07   -3.5348e+07   4.5920e+01
6.3700e+01   -6.7582e+07   -2.1657e+07   4.5658e+01
6.3800e+01   -7.2570e+07   -6.0912e+06   4.5175e+01
6.3900e+01   -7.3973e+07   1.0624e+07   4.4472e+01
6.4000e+01   -7.1526e+07   2.7662e+07   4.3552e+01
6.4100e+01   -6.5155e+07   4.4136e+07   4.2417e+01
6.4200e+01   -5.4989e+07   5.9143e+07   4.1073e+01
6.4300e+01   -4.1367e+07   7.1809e+07   3.9524e+01
6.4400e+01   -2.4828e+07   8.1337e+07   3.7777e+01
6.4500e+01   -6.0938e+06   8.7055e+07   3.5841e+01
6.4600e+01   1.3957e+07   8.8459e+07   3.3722e+01
6.4700e+01   3.4332e+07   8.5244e+07   3.1431e+01
6.4800e+01   5.3966e+07   7.7336e+07   2.8977e+01
6.4900e+01   7.1778e+07   6.4907e+07   2.6372e+01
6.5000e+01   8.6728e+07   4.8374e+07   2.3627e+01
6.5100e+01   9.7870e+07   2.8398e+07   2.0756e+01
6.5200e+01   1.0441e+08   5.8564e+06   1.7770e+01
6.5300e+01   1.0576e+08   -1.8192e+07   1.4685e+01
6.5400e+01   1.0157e+08   -4.2551e+07   1.1514e+01
6.5500e+01   9.1769e+07   -6.5946e+07   8.2725e+00
6.5600e+01   7.6580e+07   -8.7082e+07   4.9755e+00
6.5700e+01   5.6522e+07   -1.0472e+08   1.6386e+00
6.5800e+01   3.2402e+07   -1.1774e+08   -1.7223e+00
6.5900e+01   5.2840e+06   -1.2520e+08   -5.0911e+00
6.6000e+01   -2.3554e+07   -1.2642e+08   -8.4515e+00
6.6100e+01   -5.2671e+07   -1.2099e+08   -1.1787e+01
6.6200e+01   -8.0540e+07   -1.0886e+08   -1.5083e+01
6.6300e+01   -1.0561e+08   -9.0313e+07   -1.8321e+01
6.6400e+01   -1.2641e+08   -6.5987e+07   -2.1487e+01
6.6500e+01   -1.4161e+08   -3.6870e+07   -2.4565e+01
6.6600e+01   -1.5011e+08   -4.2528e+06   -2.7539e+01
6.6700e+01   -1.5109e+08   3.0321e+07   -3.0395e+01
6.6800e+01   -1.4410e+08   6.5119e+07   -3.3118e+01
6.6900e+01   -1.2910e+08   9.8310e+07   -3.5695e+01
6.7000e+01   -1.0646e+08   1.2805e+08   -3.8112e+01
6.7100e+01   -7.6967e+07   1.5257e+08   -4.0358e+01
6.7200e+01   -4.1827e+07   1.7029e+08   -4.2420e+01
6.7300e+01   -2.6039e+06   1.7993e+08   -4.4287e+01
6.7400e+01   3.8838e+07   1.8053e+08   -4.5951e+01
6.7500e+01   8.0419e+07   1.7158e+08   -4.7401e+01
6.7600e+01   1.1994e+08   1.5306e+08   -4.8629e+01
6.7700e+01   1.5519e+08   1.2543e+08   -4.9630e+01
6.7800e+01   1.8408e+08   8.9690e+07   -5.0396e+01
6.7900e+01   2.0474e+08   4.7290e+07   -5.0924e+01
6.8000e+01   2.1563e+08   1.3310e+05   -5.1208e+01
6.8100e+01   2.1566e+08   -4.9533e+07   -5.1248e+01
6.8200e+01   2.0425e+08   -9.9206e+07   -5.1041e+01
6.8300e+01   1.8141e+08   -1.4625e+08   -5.0587e+01
6.8400e+01   1.4772e+08   -1.8803e+08   -4.9887e+01
6.8500e+01   1.0441e+08   -2.2206e+08   -4.8943e+01
6.8600e+01   5.3265e+07   -2.4611e+08   -4.7760e+01
6.8700e+01   -3.4201e+06   -2.5837e+08   -4.6341e+01
6.8800e+01   -6.2931e+07   -2.5759e+08   -4.4691e+01
6.8900e+01   -1.2226e+08   -2.4309e+08   -4.2819e+01
6.9000e+01   -1.7825e+08   -2.1493e+08   -4.0731e+01
6.9100e+01   -2.2775e+08   -1.7388e+08   -3.8437e+01
6.9200e+01   -2.6780e+08   -1.2142e+08   -3.5947e+01
6.9300e+01   -2.9577e+08   -5.9736e+07   -3.3272e+01
6.9400e+01   -3.0953e+08   8.3871e+06   -3.0424e+01
6.9500e+01   -3.0760e+08   7.9680e+07   -2.7416e+01
6.9600e+01   -2.8924e+08   1.5053e+08   -2.4261e+01
6.9700e+01   -2.5457e+08   2.1715e+08   -2.0974e+01
6.9800e+01   -2.0456e+08   2.7578e+08   -1.7570e+01
6.9900e+01   -1.4104e+08   3.2290e+08   -1.4065e+01
7.0000e+01   -6.6666e+07   3.5538e+08   -1.0476e+01
7.0100e+01   1.5188e+07   3.7074e+08   -6.8186e+00
7.0200e+01   1.0058e+08   3.6724e+08   -3.1110e+00
7.0300e+01   1.8516e+08   3.4407e+08   6.2938e-01
7.0400e+01   2.6441e+08   3.0143e+08   4.3848e+00
7.0500e+01   3.3384e+08   2.4052e+08   8.1371e+00
7.0600e+01   3.8924e+08   1.6363e+08   1.1868e+01
7.0700e+01   4.2693e+08   7.3980e+07   1.5560e+01
7.0800e+01   4.4397e+08   -2.4353e+07   1.9195e+01
7.0900e+01   4.3836e+08   -1.2661e+08   2.2755e+01
7.1000e+01   4.0920e+08   -2.2758e+08   2.6223e+01
7.1100e+01   3.5678e+08   -3.2182e+08   2.9581e+01
7.1200e+01   2.8266e+08   -4.0400e+08   3.2813e+01
7.1300e+01   1.8960e+08   -4.6910e+08   3.5902e+01
7.1400e+01   8.1556e+07   -5.1277e+08   3.8833e+01
7.1500e+01   -3.6549e+07   -5.3156e+08   4.1591e+01
7.1600e+01   -1.5898e+08   -5.2314e+08   4.4163e+01
7.1700e+01   -2.7947e+08   -4.8652e+08   4.6534e+01
7.1800e+01   -3.9153e+08   -4.2215e+08   4.8692e+01
7.1900e+01   -4.8877e+08   -3.3197e+08   5.0626e+01
7.2000e+01   -5.6523e+08   -2.1940e+08   5.2326e+01
7.2100e+01   -6.1576e+08   -8.9209e+07   5.3782e+01
7.2200e+01   -6.3631e+08   5.2618e+07   5.4986e+01
7.2300e+01   -6.2419e+08   1.9918e+08   5.5931e+01
7.2400e+01   -5.7831e+08   3.4294e+08   5.6611e+01
7.2500e+01   -4.9932e+08   4.7614e+08   5.7022e+01
7.2600e+01   -3.8966e+08   5.9115e+08   5.7161e+01
7.2700e+01   -2.5350e+08   6.8090e+08   5.7024e+01
7.2800e+01   -9.6668e+07   7.3929e+08   5.6613e+01
7.2900e+01   7.3610e+07   7.6155e+08   5.5927e+01
7.3000e+01   2.4902e+08   7.4460e+08   5.4968e+01
7.3100e+01   4.2052e+08   6.8724e+08   5.3740e+01
7.3200e+01   5.7881e+08   5.9039e+08   5.2247e+01
7.3300e+01   7.1479e+08   4.5707e+08   5.0495e+01
7.3400e+01   8.2006e+08   2.9244e+08   4.8492e+01
7.3500e+01   8.8742e+08   1.0356e+08   4.6245e+01
7.3600e+01   9.1127e+08   -1.0084e+08   4.3766e+01
7.3700e+01   8.8805e+08   -3.1073e+08   4.1063e+01
7.3800e+01   8.1648e+08   -5.1527e+08   3.8150e+01
7.3900e+01   6.9780e+08   -7.0333e+08   3.5038e+01
7.4000e+01   5.3580e+08   -8.6405e+08   3.1744e+01
7.4100e+01   3.3679e+08   -9.8746e+08   2.8280e+01
7.4200e+01   1.0935e+08   -1.0650e+09   2.4664e+01
7.4300e+01   -1.3596e+08   -1.0902e+09   2.0911e+01
7.4400e+01   -3.8706e+08   -1.0589e+09   1.7040e+01
7.4500e+01   -6.3095e+08   -9.6975e+08   1.3068e+01
7.4600e+01   -8.5431e+08   -8.2442e+08   9.0134e+00
7.4700e+01   -1.0442e+09   -6.2765e+08   4.8964e+00
7.4800e+01   -1.1888e+09   -3.8715e+08   7.3590e-01
7.4900e+01   -1.2779e+09   -1.1334e+08   -3.4481e+00
7.5000e+01   -1.3040e+09   1.8100e+08   -7.6357e+00
7.5100e+01   -1.2624e+09   4.8136e+08   -1.1807e+01
7.5200e+01   -1.1515e+09   7.7211e+08   -1.5941e+01
7.5300e+01   -9.7365e+08   1.0373e+09   -2.0018e+01
7.5400e+01   -7.3472e+08   1.2616e+09   -2.4019e+01
7.5500e+01   -4.4415e+08   1.4308e+09   -2.7923e+01
7.5600e+01   -1.1459e+08   1.5331e+09   -3.1712e+01
7.5700e+01   2.3852e+08   1.5595e+09   -3.5366e+01
7.5800e+01   5.9772e+08   1.5046e+09   -3.8867e+01
7.5900e+01   9.4426e+08   1.3669e+09   -4.2198e+01
7.6000e+01   1.2591e+09   1.1494e+09   -4.5342e+01
7.6100e+01   1.5238e+09   8.5940e+08   -4.8283e+01
7.6200e+01   1.7218e+09   5.0842e+08   -5.1005e+01
7.6300e+01   1.8389e+09   1.1185e+08   -5.3495e+01
7.6400e+01   1.8646e+09   -3.1169e+08   -5.5739e+01
7.6500e+01   1.7928e+09   -7.4116e+08   -5.7726e+01
7.6600e+01   1.6221e+09   -1.1541e+09   -5.9444e+01
7.6700e+01   1.3563e+09   -1.5277e+09   -6.0884e+01
7.6800e+01   1.0044e+09   -1.8401e+09   -6.2038e+01
7.6900e+01   5.8061e+08   -2.0715e+09   -6.2899e+01
7.7000e+01   1.0350e+08   -2.2052e+09   -6.3460e+01
7.7100e+01   -4.0442e+08   -2.2290e+09   -6.3720e+01
7.7200e+01   -9.1783e+08   -2.1359e+09   -6.3673e+01
7.7300e+01   -1.4098e+09   -1.9245e+09   -6.3320e+01
7.7400e+01   -1.8530e+09   -1.5998e+09   -6.2660e+01
7.7500e+01   -2.2215e+09   -1.1730e+09   -6.1695e+01
7.7600e+01   -2.4917e+09   -6.6130e+08   -6.0428e+01
7.7700e+01   -2.6440e+09   -8.7403e+07   -5.8864e+01
7.7800e+01   -2.6641e+09   5.2158e+08   -5.7010e+01
7.7900e+01   -2.5440e+09   1.1352e+09   -5.4871e+01
7.8000e+01   -2.2825e+09   1.7212e+09   -5.2459e+01
7.8100e+01   -1.8861e+09   2.2469e+09   -4.9782e+01
7.8200e+01   -1.3686e+09   2.6813e+09   -4.6852e+01
7.8300e+01   -7.5101e+08   2.9965e+09   -4.3683e+01
7.8400e+01   -6.0835e+07   3.1695e+09   -4.0288e+01
7.8500e+01   6.6918e+08   3.1835e+09   -3.6682e+01
7.8600e+01   1.4024e+09   3.0294e+09   -3.2883e+01
7.8700e+01   2.1002e+09   2.7064e+09   -2.8907e+01
7.8800e+01   2.7235e+09   2.2226e+09   -2.4773e+01
7.8900e+01   3.2355e+09   1.5953e+09   -2.0499e+01
7.9000e+01   3.6029e+09   8.5012e+08   -1.6106e+01
7.9100e+01   3.7987e+09   2.0278e+07   -1.1615e+01
7.9200e+01   3.8034e+09   -8.5467e+08   -7.0457e+00
7.9300e+01   3.6065e+09   -1.7307e+09   -2.4206e+00
7.9400e+01   3.2079e+09   -2.5614e+09   2.2384e+00
7.9500e+01   2.6180e+09   -3.3002e+09   6.9090e+00
7.9600e+01   1.8578e+09   -3.9032e+09   1.1569e+01
7.9700e+01   9.5881e+08   -4.3311e+09   1.6195e+01
7.9800e+01   -3.8764e+07   -4.5520e+09   2.0766e+01
7.9900e+01   -1.0872e+09   -4.5430e+09   2.5259e+01
8.0000e+01   -2.1336e+09   -4.2926e+09   2.9652e+01
8.0100e+01   -3.1223e+09   -3.8012e+09   3.3923e+01
8.0200e+01   -3.9978e+09   -3.0821e+09   3.8052e+01
8.0300e+01   -4.7077e+09   -2.1613e+09   4.2017e+01
8.0400e+01   -5.2055e+09   -1.0769e+09   4.5799e+01
8.0500e+01   -5.4535e+09   1.2201e+08   4.9378e+01
8.0600e+01   -5.4254e+09   1.3781e+09   5.2737e+01
8.0700e+01   -5.1080e+09   2.6277e+09   5.5858e+01
8.0800e+01   -4.5028e+09   3.8042e+09   5.8726e+01
8.0900e+01   -3.6266e+09   4.8413e+09   6.1324e+01
8.1000e+01   -2.5115e+09   5.6766e+09   6.3639e+01
8.1100e+01   -1.2040e+09   6.2551e+09   6.5659e+01
8.1200e+01   2.3673e+08   6.5324e+09   6.7373e+01
8.1300e+01   1.7413e+09   6.4779e+09   6.8770e+01
8.1400e+01   3.2333e+09   6.0768e+09   6.9843e+01
8.1500e+01   4.6330e+09   5.3321e+09   7.0585e+01
8.1600e+01   5.8611e+09   4.2650e+09   7.0991e+01
8.1700e+01   6.8435e+09   2.9150e+09   7.1056e+01
8.1800e+01   7.5149e+09   1.3388e+09   7.0780e+01
8.1900e+01   7.8232e+09   -3.9209e+08   7.0162e+01
8.2000e+01   7.7329e+09   -2.1940e+09   6.9202e+01
8.2100e+01   7.2276e+09   -3.9751e+09   6.7905e+01
8.2200e+01   6.3120e+09   -5.6398e+09   6.6275e+01
8.2300e+01   5.0130e+09   -7.0936e+09   6.4317e+01
8.2400e+01   3.3792e+09   -8.2482e+09   6.2041e+01
8.2500e+01   1.4794e+09   -9.0266e+09   5.9454e+01
8.2600e+01   -5.9967e+08   -9.3673e+09   5.6569e+01
8.2700e+01   -2.7572e+09   -9.2292e+09   5.3398e+01
8.2800e+01   -4.8829e+09   -8.5941e+09   4.9954e+01
8.2900e+01   -6.8624e+09   -7.4694e+09   4.6253e+01
8.3000e+01   -8.5828e+09   -5.8889e+09   4.2312e+01
8.3100e+01   -9.9392e+09   -3.9120e+09   3.8148e+01
8.3200e+01   -1.0840e+10   -1.6228e+09   3.3780e+01
8.3300e+01   -1.1214e+10   8.7403e+08   2.9228e+01
8.3400e+01   -1.1013e+10   3.4569e+09   2.4513e+01
8.3500e+01   -1.0216e+10   5.9934e+09   1.9658e+01
8.3600e+01   -8.8360e+09   8.3465e+09   1.4685e+01
8.3700e+01   -6.9136e+09   1.0382e+10   9.6174e+00
8.3800e+01   -4.5224e+09   1.1974e+10   4.4788e+00
8.3900e+01   -1.7644e+09   1.3016e+10   -7.0605e-01
8.4000e+01   1.2334e+09   1.3422e+10   -5.9125e+00
8.4100e+01   4.3249e+09   1.3138e+10   -1.1116e+01
8.4200e+01   7.3509e+09   1.2142e+10   -1.6290e+01
8.4300e+01   1.0148e+10   1.0449e+10   -2.1411e+01
8.4400e+01   1.2554e+10   8.1115e+09   -2.6454e+01
8.4500e+01   1.4422e+10   5.2200e+09   -3.1393e+01
8.4600e+01   1.5625e+10   1.8981e+09   -3.6205e+01
8.4700e+01   1.6062e+10   -1.7007e+09   -4.0866e+01
8.4800e+01   1.5670e+10   -5.4002e+09   -4.5353e+01
8.4900e+01   1.4426e+10   -9.0094e+09   -4.9642e+01
8.5000e+01   1.2351e+10   -1.2332e+10   -5.3714e+01
8.5100e+01   9.5108e+09   -1.5177e+10   -5.7546e+01
8.5200e+01   6.0152e+09   -1.7368e+10   -6.1120e+01
8.5300e+01   2.0149e+09   -1.8753e+10   -6.4416e+01
8.5400e+01   -2.3044e+09   -1.9217e+10   -6.7418e+01
8.5500e+01   -6.7306e+09   -1.8686e+10   -7.0110e+01
8.5600e+01   -1.1035e+10   -1.7136e+10   -7.2478e+01
8.5700e+01   -1.4982e+10   -1.4595e+10   -7.4507e+01
8.5800e+01   -1.8343e+10   -1.1144e+10   -7.6188e+01
8.5900e+01   -2.0910e+10   -6.9191e+09   -7.7510e+01
8.6000e+01   -2.2503e+10   -2.1030e+09   -7.8465e+01
8.6100e+01   -2.2988e+10   3.0802e+09   -7.9047e+01
8.6200e+01   -2.2278e+10   8.3749e+09   -7.9251e+01
8.6300e+01   -2.0349e+10   1.3506e+10   -7.9074e+01
8.6400e+01   -1.7239e+10   1.8193e+10   -7.8515e+01
8.6500e+01   -1.3048e+10   2.2164e+10   -7.7576e+01
8.6600e+01   -7.9433e+09   2.5169e+10   -7.6259e+01
8.6700e+01   -2.1462e+09   2.6999e+10   -7.4568e+01
8.6800e+01   4.0723e+09   2.7493e+10   -7.2510e+01
8.6900e+01   1.0405e+10   2.6555e+10   -7.0093e+01
8.7000e+01   1.6521e+10   2.4159e+10   -6.7326e+01
8.7100e+01   2.2085e+10   2.0353e+10   -6.4222e+01
8.7200e+01   2.6773e+10   1.5266e+10   -6.0794e+01
8.7300e+01   3.0290e+10   9.0999e+09   -5.7057e+01
8.7400e+01   3.2385e+10   2.1234e+09   -5.3027e+01
8.7500e+01   3.2875e+10   -5.3358e+09   -4.8722e+01
8.7600e+01   3.1646e+10   -1.2908e+10   -4.4161e+01
8.7700e+01   2.8673e+10   -2.0197e+10   -3.9366e+01
8.7800e+01   2.4021e+10   -2.6801e+10   -3.4359e+01
8.7900e+01   1.7848e+10   -3.2333e+10   -2.9162e+01
8.8000e+01   1.0401e+10   -3.6444e+10   -2.3799e+01
8.8100e+01   2.0067e+09   -3.8840e+10   -1.8296e+01
8.8200e+01   -6.9391e+09   -3.9302e+10   -1.2678e+01
8.8300e+01   -1.5991e+10   -3.7704e+10   -6.9725e+00
8.8400e+01   -2.4675e+10   -3.4020e+10   -1.2057e+00
8.8500e+01   -3.2511e+10   -2.8337e+10   4.5947e+00
8.8600e+01   -3.9038e+10   -2.0849e+10   1.0401e+01
8.8700e+01   -4.3840e+10   -1.1857e+10   1.6185e+01
8.8800e+01   -4.6571e+10   -1.7596e+09   2.1919e+01
8.8900e+01   -4.6976e+10   8.9669e+09   2.7575e+01
8.9000e+01   -4.4911e+10   1.9787e+10   3.3125e+01
8.9100e+01   -4.0354e+10   3.0131e+10   3.8543e+01
8.9200e+01   -3.3414e+10   3.9425e+10   4.3801e+01
8.9300e+01   -2.4333e+10   4.7122e+10   4.8874e+01
8.9400e+01   -1.3480e+10   5.2726e+10   5.3736e+01
8.9500e+01   -1.3353e+09   5.5831e+10   5.8362e+01
8.9600e+01   1.1524e+10   5.6138e+10   6.2729e+01
8.9700e+01   2.4454e+10   5.3484e+10   6.6816e+01
8.9800e+01   3.6773e+10   4.7852e+10   7.0600e+01
8.9900e+01   4.7794e+10   3.9382e+10   7.4063e+01
9.0000e+01   5.6865e+10   2.8373e+10   7.7186e+01
9.0100e+01   6.3400e+10   1.5276e+10   7.9952e+01
9.0200e+01   6.6919e+10   6.7314e+08   8.2346e+01
9.0300e+01   6.7074e+10   -1.4740e+10   8.4355e+01
9.0400e+01   6.3679e+10   -3.0189e+10   8.5968e+01
9.0500e+01   5.6725e+10   -4.4856e+10   8.7174e+01
9.0600e+01   4.6394e+10   -5.7921e+10   8.7967e+01
9.0700e+01   3.3053e+10   -6.8607e+10   8.8340e+01
9.0800e+01   1.7251e+10   -7.6220e+10   8.8289e+01
9.0900e+01   -3.0432e+08   -8.0193e+10   8.7812e+01
9.1000e+01   -1.8775e+10   -8.0123e+10   8.6911e+01
9.1100e+01   -3.7229e+10   -7.5799e+10   8.5587e+01
9.1200e+01   -5.4688e+10   -6.7224e+10   8.3844e+01
9.1300e+01   -7.0171e+10   -5.4628e+10   8.1689e+01
9.1400e+01   -8.2754e+10   -3.8465e+10   7.9130e+01
9.1500e+01   -9.1613e+10   -1.9405e+10   7.6178e+01
9.1600e+01   -9.6083e+10   1.6959e+09   7.2845e+01
9.1700e+01   -9.5692e+10   2.3826e+10   6.9145e+01
9.1800e+01   -9.0204e+10   4.5867e+10   6.5094e+01
9.1900e+01   -7.9640e+10   6.6643e+10   6.0710e+01
9.2000e+01   -6.4290e+10   8.4986e+10   5.6013e+01
9.2100e+01   -4.4716e+10   9.9794e+10   5.1023e+01
9.2200e+01   -2.1730e+10   1.1009e+11   4.5764e+01
9.2300e+01   3.6270e+09   1.1510e+11   4.0258e+01
9.2400e+01   3.0137e+10   1.1426e+11   3.4533e+01
9.2500e+01   5.6455e+10   1.0732e+11   2.8614e+01
9.2600e+01   8.1174e+10   9.4319e+10   2.2528e+01
9.2700e+01   1.0290e+11   7.5622e+10   1.6305e+01
9.2800e+01   1.2032e+11   5.1922e+10   9.9728e+00
9.2900e+01   1.3228e+11   2.4210e+10   3.5623e+00
9.3000e+01   1.3785e+11   -6.2566e+09   -2.8961e+00
9.3100e+01   1.3641e+11   -3.8007e+10   -9.3717e+00
9.3200e+01   1.2766e+11   -6.9426e+10   -1.5833e+01
9.3300e+01   1.1167e+11   -9.8829e+10   -2.2250e+01
9.3400e+01   8.8902e+10   -1.2455e+11   -2.8590e+01
9.3500e+01   6.0216e+10   -1.4502e+11   -3.4823e+01
9.3600e+01   2.6812e+10   -1.5889e+11   -4.0919e+01
9.3700e+01   -9.7851e+09   -1.6507e+11   -4.6846e+01
9.3800e+01   -4.7805e+10   -1.6282e+11   -5.2577e+01
9.3900e+01   -8.5306e+10   -1.5181e+11   -5.8082e+01
9.4000e+01   -1.2027e+11   -1.3216e+11   -6.3334e+01
9.4100e+01   -1.5071e+11   -1.0446e+11   -6.8306e+01
9.4200e+01   -1.7477e+11   -6.9743e+10   -7.2974e+01
9.4300e+01   -1.9083e+11   -2.9489e+10   -7.7312e+01
9.4400e+01   -1.9762e+11   1.4465e+10   -8.1299e+01
9.4500e+01   -1.9429e+11   5.9983e+10   -8.4913e+01
9.4600e+01   -1.8048e+11   1.0473e+11   -8.8136e+01
9.4700e+01   -1.5635e+11   1.4630e+11   -9.0951e+01
9.4800e+01   -1.2266e+11   1.8232e+11   -9.3340e+01
9.4900e+01   -8.0665e+10   2.1057e+11   -9.5292e+01
9.5000e+01   -3.2166e+10   2.2915e+11   -9.6794e+01
9.5100e+01   2.0612e+10   2.3655e+11   -9.7838e+01
9.5200e+01   7.5097e+10   2.3181e+11   -9.8415e+01
9.5300e+01   1.2849e+11   2.1451e+11   -9.8521e+01
9.5400e+01   1.7790e+11   1.8492e+11   -9.8153e+01
9.5500e+01   2.2049e+11   1.4394e+11   -9.7311e+01
9.5600e+01   2.5364e+11   9.3157e+10   -9.5996e+01
9.5700e+01   2.7510e+11   3.4737e+10   -9.4212e+01
9.5800e+01   2.8310e+11   -2.8625e+10   -9.1967e+01
9.5900e+01   2.7650e+11   -9.3830e+10   -8.9267e+01
9.6000e+01   2.5489e+11   -1.5752e+11   -8.6125e+01
9.6100e+01   2.1861e+11   -2.1622e+11   -8.2552e+01
9.6200e+01   1.6881e+11   -2.6658e+11   -7.8565e+01
9.6300e+01   1.0741e+11   -3.0546e+11   -7.4181e+01
9.6400e+01   3.7056e+10   -3.3020e+11   -6.9418e+01
9.6500e+01   -3.8998e+10   -3.3873e+11   -6.4298e+01
9.6600e+01   -1.1702e+11   -3.2975e+11   -5.8843e+01
9.6700e+01   -1.9297e+11   -3.0280e+11   -5.3079e+01
9.6800e+01   -2.6271e+11   -2.5835e+11   -4.7032e+01
9.6900e+01   -3.2222e+11   -1.9784e+11   -4.0729e+01
9.7000e+01   -3.6778e+11   -1.2363e+11   -3.4199e+01
9.7100e+01   -3.9626e+11   -3.8919e+10   -2.7474e+01
9.7200e+01   -4.0522e+11   5.2350e+10   -2.0583e+01
9.7300e+01   -3.9317e+11   1.4568e+11   -1.3561e+01
9.7400e+01   -3.5961e+11   2.3624e+11   -6.4390e+00
9.7500e+01   -3.0520e+11   3.1907e+11   7.4803e-01
9.7600e+01   -2.3171e+11   3.8936e+11   7.9661e+00
9.7700e+01   -1.4203e+11   4.4273e+11   1.5181e+01
9.7800e+01   -4.0054e+10   4.7545e+11   2.2357e+01
9.7900e+01   6.9453e+10   4.8467e+11   2.9460e+01
9.8000e+01   1.8109e+11   4.6867e+11   3.6455e+01
9.8100e+01   2.8903e+11   4.2697e+11   4.3309e+01
9.8200e+01   3.8738e+11   3.6039e+11   4.9986e+01
9.8300e+01   4.7038e+11   2.7117e+11   5.6456e+01
9.8400e+01   5.3284e+11   1.6283e+11   6.2684e+01
9.8500e+01   5.7035e+11   4.0101e+10   6.8641e+01
9.8600e+01   5.7958e+11   -9.1265e+10   7.4296e+01
9.8700e+01   5.5856e+11   -2.2476e+11   7.9621e+01
9.8800e+01   5.0679e+11   -3.5341e+11   8.4587e+01
9.8900e+01   4.2539e+11   -4.7014e+11   8.9170e+01
9.9000e+01   3.1711e+11   -5.6812e+11   9.3346e+01
9.9100e+01   1.8626e+11   -6.4116e+11   9.7093e+01
9.9200e+01   3.8581e+10   -6.8405e+11   1.0039e+02
9.9300e+01   -1.1898e+11   -6.9294e+11   1.0322e+02
9.9400e+01   -2.7858e+11   -6.6554e+11   1.0556e+02
9.9500e+01   -4.3187e+11   -6.0137e+11   1.0741e+02
9.9600e+01   -5.7038e+11   -5.0190e+11   1.0875e+02
9.9700e+01   -6.8598e+11   -3.7053e+11   1.0958e+02
9.9800e+01   -7.7133e+11   -2.1253e+11   1.0988e+02
9.9900e+01   -8.2028e+11   -3.4872e+10   1.0965e+02
